-5.093532688658086727e+00 -1.165043561935228018e-02 1.975132623747294911e-04
-4.994532688657571384e+00 -1.126165051381572760e-02 2.955551824213551739e-04
-4.891032688657759309e+00 -1.105566826215182916e-02 3.347023854292046469e-04
-4.792032688657243966e+00 -1.119832228536504597e-02 2.896087548747095170e-04
-4.693032688656728624e+00 -1.101553679775599259e-02 3.187793694384609346e-04
-4.594032688657989638e+00 -1.087962698587719573e-02 3.850756410895243170e-04
-4.490532688658177563e+00 -1.138111793568945956e-02 2.573613455097928729e-04
-4.391532688657662220e+00 -1.142994231881915707e-02 2.423053792488953954e-04
-4.292532688657146878e+00 -1.064591651513208809e-02 3.837423671542710833e-04
-4.193532688656631535e+00 -1.053284288235917937e-02 4.184099428905534612e-04
-4.094532688657892550e+00 -1.066631885530989338e-02 3.322151010367109698e-04
-3.991032688658080474e+00 -1.026751404949784348e-02 4.559818455308008080e-04
-3.892032688657565132e+00 -1.060431544111861170e-02 3.927255832656374669e-04
-3.793032688657049789e+00 -1.059257598302335880e-02 3.800805691576975140e-04
-3.694032688656534447e+00 -1.053718398247352819e-02 4.136874056356717381e-04
-3.590532688656722371e+00 -1.076600507213689058e-02 3.590170156637333262e-04
-3.491532688657983385e+00 -1.005859442234105852e-02 4.697971938183116486e-04
-3.392532688657468043e+00 -9.822359009651627712e-03 4.880889700274121477e-04
-3.293532688656952701e+00 -9.513513733394625763e-03 5.454830659698734797e-04
-3.194532688658213715e+00 -9.509154426458494083e-03 5.530199041867286079e-04
-3.091032688656625282e+00 -9.063369427692957378e-03 5.963698440508464907e-04
-2.992032688657886297e+00 -8.876298221942167249e-03 6.071861573167102333e-04
-2.893032688657370954e+00 -9.130934256893220510e-03 5.932686083160086622e-04
-2.794032688656855612e+00 -8.920741881445952079e-03 6.197361223225198064e-04
-2.690032688656529558e+00 -8.295974737839315050e-03 6.726501857072314993e-04
-2.591032688657790573e+00 -7.177756773709244656e-03 7.610537421528006195e-04
-2.492032688657275230e+00 -7.555840761326077133e-03 7.353233561521121085e-04
-2.393032688656759888e+00 -6.466236756223524111e-03 8.183815471595939700e-04
-2.294032688658020902e+00 -4.268424820207240497e-03 9.732624458100349587e-04
-2.190532688658208826e+00 -5.041477937757977111e-03 9.244310664088612383e-04
-2.091532688657693484e+00 -5.234579908212081550e-03 8.933839286211020872e-04
-1.992532688657178142e+00 -2.008240418748507769e-03 1.101344754103366318e-03
-1.893532688656662799e+00 -2.438925438874536855e-04 1.188012913666517669e-03
-1.794532688657923813e+00 2.487189049515216473e-03 1.334315853864716760e-03
-1.691032688658111738e+00 5.437343374391456069e-03 1.453925657183780494e-03
-1.591532688657082417e+00 1.087497255942629359e-02 1.679083651646693471e-03
-1.492532688656567075e+00 1.800722196224727525e-02 1.893299801944827365e-03
-1.393532688657828089e+00 4.363074039779847590e-02 2.581933433942596064e-03
-1.294532688657312747e+00 9.819440322131933740e-02 3.608909869699298244e-03
-1.191032688657500671e+00 2.429495220446912795e-01 5.541320572810158433e-03
-1.092032688656985329e+00 5.428582611721555207e-01 8.168491407631156206e-03
-9.930326886582463430e-01 1.134719007254429979e+00 1.175928827885491627e-02
-8.935326886572170224e-01 2.262730680605862688e+00 1.659113123418096483e-02
-7.945326886567016800e-01 4.094369549483686477e+00 2.240009320415428315e-02
-6.910326886568896043e-01 6.635348715290001920e+00 2.860213866564204066e-02
-5.920326886581506187e-01 9.772407191710277274e+00 3.473032173851538923e-02
-4.930326886576352763e-01 1.382809143169842869e+01 4.133093875108166670e-02
-3.940326886571199339e-01 1.916430650380241829e+01 4.868826645737798359e-02
-2.905326886573078582e-01 2.623349815419976139e+01 5.698750801246432046e-02
-1.910326886580548944e-01 3.375071167475817191e+01 6.463456419486153515e-02
-9.203268865753955197e-02 4.021916528070486407e+01 7.063005246194256626e-02
6.967311342975790467e-03 4.240477357132457570e+01 7.257363038481798312e-02
1.059673113434911329e-01 3.846302322213993818e+01 6.906428031745083518e-02
2.094673113433032086e-01 3.013416006030175609e+01 6.107552712800249500e-02
3.089673113425561723e-01 2.210960376008972972e+01 5.230097206076712857e-02
4.079673113430715148e-01 1.588942061556121743e+01 4.432271925090559839e-02
5.069673113418105004e-01 1.141051776969878695e+01 3.754189901562442894e-02
6.059673113423258428e-01 8.078032592301603643e+00 3.159927830021633244e-02
7.094673113421379185e-01 5.656698903968403691e+00 2.644241055601108392e-02
8.089673113431672391e-01 3.972273754411689950e+00 2.214849388515271675e-02
9.079673113419062247e-01 2.804284278695617694e+00 1.862142080733215910e-02
1.006967311342421567e+00 1.924681687857998647e+00 1.543097769512584254e-02
1.105967311342936910e+00 1.308367109142356766e+00 1.273620129460418388e-02
1.209967311343262963e+00 8.329283623940936243e-01 1.017066854625015004e-02
1.308967311342001949e+00 5.034179470613665552e-01 7.925547202866811691e-03
1.407967311342517291e+00 2.653309614043685705e-01 5.773792415005501999e-03
1.506967311343032634e+00 1.214270836204570103e-01 3.992355739770388559e-03
1.606467311342285598e+00 4.834488513058440851e-02 2.674736408494614477e-03
1.705467311342800940e+00 1.294024005480914376e-02 1.709206736776814044e-03
1.808967311342613016e+00 1.726470408398649231e-03 1.298272472193737074e-03
1.907967311343128358e+00 -3.752150482801285165e-03 9.916382658604467031e-04
2.007467311342381322e+00 -5.688678753289686668e-03 8.805163588060990060e-04
2.106467311342896664e+00 -8.002200019845449180e-03 7.008997447910795577e-04
2.205467311343412007e+00 -8.890680346749885513e-03 6.251520617710511858e-04
2.308967311343224083e+00 -9.161415996862107627e-03 5.754165880069165217e-04
2.408467311342477046e+00 -9.789590935796191329e-03 5.132027305425553064e-04
2.507467311342992389e+00 -9.877259055946560964e-03 5.109924738417446393e-04
2.606467311343507731e+00 -9.451990931385961803e-03 5.645354040027507564e-04
2.705967311342760695e+00 -1.016149919095406078e-02 4.772965272605823005e-04
2.809467311342572771e+00 -9.920677670968431131e-03 5.045122033678784562e-04
2.908467311343088113e+00 -1.060267265144545883e-02 3.862349034946739351e-04
3.007467311341827099e+00 -1.027021102816755641e-02 4.637022436363436029e-04
3.106967311342856419e+00 -1.028865944045059821e-02 4.641207730575240228e-04
3.205967311343371762e+00 -1.085036878088793504e-02 3.871382513063971660e-04
3.309467311343183837e+00 -1.073477112214479140e-02 3.941266384581742013e-04
3.309467311343183837e+00 -1.073477112214479140e-02 3.941266384581742013e-04
3.507967311342952144e+00 -1.062613904427140571e-02 4.187837640476214408e-04
3.606967311343467486e+00 -1.103880509075483643e-02 3.370009501887888219e-04
3.706467311342720450e+00 -1.107692374881970657e-02 3.472263239596693244e-04
3.805467311343235792e+00 -1.104288516369223740e-02 3.457769596440202859e-04
3.908967311343047868e+00 -1.115703809259182069e-02 3.254392905246539886e-04
4.008467311342300832e+00 -1.145332217605351047e-02 2.818270580876388221e-04
4.107467311342816174e+00 -1.144412831225770019e-02 3.011680935727330992e-04
4.206967311342069138e+00 -1.126389962427312881e-02 3.036527511013040496e-04
4.305967311342584480e+00 -1.133624699824180813e-02 3.006886442573829211e-04
4.409467311342396556e+00 -1.145707516127815635e-02 2.764066580169877770e-04
4.508967311343425877e+00 -1.130028382565896085e-02 3.058576300284772875e-04
4.607967311342164862e+00 -1.134265081704489281e-02 3.047366680101251928e-04
4.706967311342680205e+00 -1.077227534818525970e-02 3.893301528222421802e-04
4.806467311341933168e+00 -1.112825239257918090e-02 3.434413802737242873e-04
4.905467311342448511e+00 -1.095192855308328370e-02 3.821463260438821429e-04
5.199064673113422259e+02 -1.469502164683186710e-03 4.475793904291330122e-04
5.201064673113418166e+02 -1.174538446414638256e-03 4.476458841789019024e-04
5.203074673113424069e+02 -1.044387007577284206e-03 4.484141818048910811e-04
5.205074673113418839e+02 -6.733470133327608149e-04 4.498224419101517048e-04
5.207034673113425924e+02 -5.931844303697786239e-04 4.491492535209770849e-04
5.209044673113431827e+02 -8.176518960194170509e-04 4.474412369446062162e-04
5.211044673113427734e+02 -4.231244452981082114e-04 4.477533612574860098e-04
5.213054673113433637e+02 6.445218304285791505e-05 4.492000476439730991e-04
5.215054673113428407e+02 -1.274560186734161873e-03 4.444231862439630655e-04
5.217064673113434310e+02 -9.752139902158289859e-04 4.446695496355734583e-04
5.219064673113429080e+02 -1.963829673996440525e-04 4.462918835967329178e-04
5.221074673113434983e+02 -1.395461234489768661e-04 4.452919375395522888e-04
5.223074673113430890e+02 -3.238338118461550142e-04 4.443971021153126462e-04
5.225084673113418603e+02 -2.904752749286640900e-04 4.442866469743079571e-04
5.227034673113432746e+02 1.418738217070065199e-10 4.445664408770340164e-04
5.229044673113421595e+02 -1.587352158397113016e-04 4.435556750122238417e-04
5.231044673113434555e+02 -6.512610800848371596e-06 4.448900982435378482e-04
5.233054673113422268e+02 4.383895367561182511e-04 4.462612920382614547e-04
5.235054673113435229e+02 7.012122549983966328e-04 4.463737219120881227e-04
5.237074673113432937e+02 9.969095344355954208e-04 4.468380637162044249e-04
5.239074673113428844e+02 4.499300823934322159e-04 4.450025512326016169e-04
5.241084673113434746e+02 7.130555839162039996e-04 4.460149690664489959e-04
5.243034673113431836e+02 8.204755772654000667e-04 4.452545397983552282e-04
5.245044673113419549e+02 5.560342096572758706e-04 4.448149833652779604e-04
5.247044673113432509e+02 2.759524957663258226e-04 4.434892500220703033e-04
5.249054673113420222e+02 1.228395211319203257e-04 4.417993528698932340e-04
5.251054673113433182e+02 6.324078394687130539e-04 4.424707439590268537e-04
5.253064673113420895e+02 7.857142119032562192e-05 4.404697671902661500e-04
5.255074673113426797e+02 3.531633648691938658e-04 4.408266182553043848e-04
5.257084673113432700e+02 2.101077466972206423e-04 4.393814893371474355e-04
5.259044673113421595e+02 -8.375700202604716778e-05 4.375171059219744307e-04
5.261044673113417502e+02 5.392269326939776782e-04 4.383061794030700510e-04
5.263054673113423405e+02 6.310409841924955431e-04 4.375447950031604140e-04
5.265054673113418175e+02 1.129255374613619871e-03 4.380851235302361205e-04
5.267074673113434073e+02 3.752361006725352869e-04 4.344462367178681338e-04
5.269074673113429981e+02 4.617823822826879723e-04 4.340589818347442819e-04
5.271084673113417693e+02 7.505410141096408331e-04 4.339543661816416082e-04
5.273034673113432973e+02 1.370235349713113749e-03 4.349481904374891800e-04
5.275044673113420686e+02 3.499807229581504376e-04 4.311177802358166149e-04
5.277054673113425451e+02 9.201937442012464484e-04 4.318393650649245759e-04
5.279064673113431354e+02 2.948319960466941358e-04 4.293896175901483112e-04
5.281074673113419067e+02 7.698344724649559411e-05 4.279420959887532991e-04
5.283074673113433164e+02 5.252973552987579529e-04 4.285898006199694629e-04
5.285034673113422059e+02 9.646898009467417840e-04 4.291574627030185301e-04
5.287044673113427962e+02 7.658529381441679532e-04 4.277053180025791428e-04
5.289054673113433864e+02 5.089234276661219096e-04 4.259239404711270089e-04
5.291064673113421577e+02 4.074806354436247432e-04 4.247484022667760619e-04
5.293064673113434537e+02 2.643458331791598650e-04 4.235535493832610671e-04
5.295084673113432245e+02 5.385474779440469448e-06 4.216005203826953245e-04
5.297034673113430472e+02 -3.899908517741721889e-04 4.197131865149457929e-04
5.299044673113418185e+02 -3.582263639017909795e-04 4.188418646702036932e-04
5.300044673113433191e+02 -2.871833285345673265e-04 4.187346790767367162e-04
5.301054673113422950e+02 -5.091729743338600225e-04 4.176547016793501449e-04
5.302054673113420904e+02 -1.328466231241046645e-04 4.181541969694168052e-04
5.303054673113418858e+02 1.397885226158871277e-04 4.184592463136145102e-04
5.304064673113426807e+02 -5.000705371109076449e-04 4.160042551890931473e-04
5.305074673113434756e+02 -4.339093373423486173e-04 4.155827898083642243e-04
5.306074673113432709e+02 -3.744153992974713478e-04 4.152372718615933455e-04
5.307084673113422468e+02 -6.029938972627198711e-04 4.143875811182293309e-04
5.308084673113420422e+02 -6.404782789851974547e-04 4.136716029297281749e-04
5.309034673113419558e+02 -7.016377829245152220e-04 4.129653333581150389e-04
5.310044673113427507e+02 -1.711363881718809868e-04 4.140805700466270822e-04
5.311044673113425461e+02 -6.928073408494553592e-04 4.119237461151620239e-04
5.312054673113433410e+02 -7.255021159202233380e-04 4.109216439382273032e-04
5.313054673113431363e+02 -1.005496298779434824e-03 4.095401687410295168e-04
5.314064673113421122e+02 -1.214204179298335705e-03 4.084524525823237349e-04
5.315064673113419076e+02 -5.427217858411600721e-04 4.097289439770394849e-04
5.316064673113434083e+02 7.755350166575932945e-05 4.110587214815719756e-04
5.317074673113424979e+02 -2.037849763369082990e-05 4.103778486211267303e-04
5.318084673113432927e+02 -1.286477667752602408e-03 4.058858755073448251e-04
5.319084673113429744e+02 -4.594877125493452251e-04 4.077655011040817149e-04
5.320044673113421823e+02 -8.284507731812252055e-04 4.062864194366937708e-04
5.321044673113419776e+02 -1.285001652680162979e-03 4.042951707567885825e-04
5.322044673113434783e+02 -1.819201792121453607e-03 4.020677332701515054e-04
5.323054673113425679e+02 -1.395719784267894460e-03 4.027716358644394543e-04
5.324064673113433628e+02 -1.477359821992142459e-03 4.022328826116613088e-04
5.325064673113431581e+02 -8.927113332132441317e-04 4.037277715788372182e-04
5.326064673113428398e+02 -1.417060285019203702e-03 4.017642370863831161e-04
5.327074673113419294e+02 -1.385792562451853161e-03 4.011595506267203793e-04
5.328074673113434301e+02 -1.086365892713119733e-03 4.016688784959490991e-04
5.329074673113432254e+02 -1.278146626658150471e-03 4.010127200705872652e-04
5.330034673113424333e+02 -1.147298691245033806e-03 4.013450639559326726e-04
5.331044673113432282e+02 -9.223216413775371615e-04 4.018240610846962818e-04
5.332044673113430235e+02 -4.034227549942464436e-04 4.035195868986053138e-04
5.333054673113419994e+02 -8.160198309486247628e-04 4.016717513112336960e-04
5.334054673113417948e+02 -3.979002303225648621e-04 4.026114537665046616e-04
5.335054673113432955e+02 -5.875945573404008125e-04 4.016861740340647770e-04
5.336064673113422714e+02 -4.229606032062129006e-04 4.017959413628384674e-04
5.337064673113420668e+02 4.358623346871323603e-04 4.039591716996923459e-04
5.338074673113428616e+02 9.849113173428639990e-04 4.056033897781623687e-04
5.339084673113418376e+02 2.149518872006745893e-03 4.091906173761937103e-04
5.340034673113418648e+02 2.709023390018564827e-03 4.104890995721412151e-04
5.341034673113433655e+02 4.241757486111738182e-03 4.150197275717469147e-04
5.342044673113424551e+02 5.680288250616117619e-03 4.189731152852601268e-04
5.343054673113432500e+02 6.902747694074726388e-03 4.220676751641998670e-04
5.344054673113429317e+02 8.693438827068253674e-03 4.268370604554377543e-04
5.345064673113420213e+02 1.022183683317417699e-02 4.311552917180150476e-04
5.346064673113417030e+02 1.103305033059652669e-02 4.333882713239162339e-04
5.347074673113424979e+02 1.279091035542783035e-02 4.382030244578849010e-04
5.348084673113432927e+02 1.297869697728190087e-02 4.386417116547167410e-04
5.349084673113430881e+02 1.253278648271598586e-02 4.371825459987200213e-04
5.350034673113431154e+02 1.237788414856634718e-02 4.366901117723955873e-04
5.351044673113420913e+02 1.221197576123101737e-02 4.360546357965387992e-04
5.352044673113418867e+02 1.218130048240446614e-02 4.357247539986180626e-04
5.353054673113426816e+02 1.194425703237105528e-02 4.351796858051144141e-04
5.354064673113434765e+02 1.180676198214897915e-02 4.347709950296955875e-04
5.355064673113431581e+02 1.143592449184293626e-02 4.339098553931718854e-04
5.356074673113422477e+02 1.180350082352426069e-02 4.351680176868408072e-04
5.357074673113420431e+02 1.175026889160756503e-02 4.351025080102670275e-04
5.358074673113417248e+02 1.215462869112296160e-02 4.363943909403467146e-04
5.359034673113427516e+02 1.317443259969996831e-02 4.392143364708232627e-04
5.360044673113417275e+02 1.461055745046717889e-02 4.434767666434408359e-04
5.361044673113433419e+02 1.595590489919262653e-02 4.472710233396055379e-04
5.362054673113423178e+02 1.702600205159559774e-02 4.504007242257128179e-04
5.363054673113421131e+02 1.818619527495096005e-02 4.537900689929324377e-04
5.364064673113429080e+02 1.955456931062763901e-02 4.578221746945659236e-04
5.365074673113418839e+02 2.084572717911710796e-02 4.613205522318842254e-04
5.366074673113434983e+02 2.094022846031205407e-02 4.617377915845310380e-04
5.367074673113431800e+02 2.220445786090168711e-02 4.650683537404648308e-04
5.368034673113423878e+02 2.284875486465987038e-02 4.667793520991936167e-04
5.369044673113431827e+02 2.331972807636701825e-02 4.679094870481135594e-04
5.370054673113422723e+02 2.399266256640633643e-02 4.702033161026071269e-04
5.371054673113419540e+02 2.381177764973042496e-02 4.695577922395347751e-04
5.372054673113417493e+02 2.429454841280588584e-02 4.708592453827439221e-04
5.373064673113425442e+02 2.511288757997966192e-02 4.729203057435996463e-04
5.374074673113433391e+02 2.546447244656285108e-02 4.739788648383629868e-04
5.375074673113431345e+02 2.540156167312165869e-02 4.736488959857184148e-04
5.376084673113421104e+02 2.474613212848164601e-02 4.718172287203678127e-04
5.377034673113421377e+02 2.471559451191302978e-02 4.716985888667658377e-04
5.378044673113429326e+02 2.533639762438045367e-02 4.734535840930779223e-04
5.379054673113419085e+02 2.524632103022384985e-02 4.731554477589497692e-04
5.380054673113434092e+02 2.581729446277115578e-02 4.742982592348307636e-04
5.381054673113432045e+02 2.532134499998948615e-02 4.728910654200443506e-04
5.382074673113432937e+02 2.618502692907014734e-02 4.754130900058015281e-04
5.383074673113430890e+02 2.577190817024242742e-02 4.742398697744542799e-04
5.384084673113420649e+02 2.516608198386104112e-02 4.724505476999848303e-04
5.385034673113419785e+02 2.488961984559323951e-02 4.716473315424255181e-04
5.386034673113417739e+02 2.469925385440175161e-02 4.710329479504785566e-04
5.387054673113418630e+02 2.483954378257098930e-02 4.714067152891779919e-04
5.388054673113433637e+02 2.482961694626348650e-02 4.712819762620075849e-04
5.389054673113431591e+02 2.528610074849550401e-02 4.728226566476693114e-04
5.390064673113421350e+02 2.502279441652549910e-02 4.719147302347165892e-04
5.391064673113419303e+02 2.477586706151274631e-02 4.712889461872431848e-04
5.392084673113420195e+02 2.465915745847604978e-02 4.707666448294196360e-04
5.393084673113435201e+02 2.451457272712783200e-02 4.700646568777632471e-04
5.394034673113434337e+02 2.406005035066266159e-02 4.681859984773926488e-04
5.395044673113425233e+02 2.408908721675806150e-02 4.683005749600812804e-04
5.396054673113433182e+02 2.507178218998783181e-02 4.709573974823234063e-04
5.397054673113429999e+02 2.456365899470121586e-02 4.693798598001903749e-04
5.399064673113418849e+02 2.458139319396918793e-02 4.686468869319893580e-04
5.401084673113434746e+02 2.432671677404809468e-02 4.661264234887215504e-04
5.403044673113423642e+02 2.397105334017102587e-02 4.651114298655551382e-04
5.405064673113422486e+02 2.436608208757526026e-02 4.657417891590265768e-04
5.407074673113427252e+02 2.381854684227533922e-02 4.609678596082931361e-04
5.409034673113417284e+02 2.325391049841480859e-02 4.568934335546500714e-04
5.411054673113433182e+02 2.270075223334190595e-02 4.538936321131001707e-04
5.413064673113420895e+02 2.233907358909234878e-02 4.512239313430619703e-04
5.415074673113426797e+02 2.167699268061757528e-02 4.482427927594593241e-04
5.417034673113435019e+02 2.168429710057763124e-02 4.453139440073185739e-04
5.419054673113432727e+02 2.161505377369810424e-02 4.449143019687894674e-04
5.421064673113420440e+02 2.130551098257451800e-02 4.415478523962603256e-04
5.423084673113418148e+02 2.030639478308767995e-02 4.376265952676117199e-04
5.425034673113433428e+02 1.928302571310539990e-02 4.342292522339211472e-04
5.427054673113432273e+02 1.870277960727122907e-02 4.321854317982725627e-04
5.429064673113419985e+02 1.806288545033284468e-02 4.293699562252356865e-04
5.431084673113417693e+02 1.753386550615607456e-02 4.270937373227373960e-04
5.433044673113424778e+02 1.763973287393474920e-02 4.266460568337973602e-04
5.435054673113430681e+02 1.686453292855524463e-02 4.239304183076903951e-04
5.437074673113429526e+02 1.550718427161618986e-02 4.192106775028065619e-04
5.439034673113418421e+02 1.549366857332418017e-02 4.184520275131338994e-04
5.441054673113434319e+02 1.505617843843783978e-02 4.166681803910601920e-04
5.443064673113422032e+02 1.395340289122055412e-02 4.130391494944366600e-04
5.445084673113420877e+02 1.402015075591119680e-02 4.130979584661081494e-04
5.447044673113427962e+02 1.347115052496744049e-02 4.109973222222304740e-04
5.449054673113433864e+02 1.305075861958089438e-02 4.097210812444789614e-04
5.451074673113431572e+02 1.388722504152126343e-02 4.118636251823499508e-04
5.453044673113431600e+02 1.346396656159922975e-02 4.105091837220840780e-04
5.455054673113419312e+02 1.291047547883314439e-02 4.086495989318340025e-04
5.457074673113418157e+02 1.272462357539634083e-02 4.079879975104603088e-04
5.459084673113422923e+02 1.320131201510863286e-02 4.095465586285116115e-04
5.461044673113431145e+02 1.303245704725061911e-02 4.087561755072897734e-04
5.463064673113428853e+02 1.282036044998416564e-02 4.081867443342147047e-04
5.465074673113434756e+02 1.234846553136528802e-02 4.066581356467189635e-04
5.467044673113434783e+02 1.215865825896413240e-02 4.060653569919705943e-04
5.469064673113432491e+02 1.214173668661512086e-02 4.061772077642102660e-04
5.471074673113421341e+02 1.230625293215989111e-02 4.065524694587658271e-04
5.473044673113420231e+02 1.273682038270551424e-02 4.080871780689138465e-04
5.475054673113426134e+02 1.242706513808703936e-02 4.068674990819728444e-04
5.477064673113432036e+02 1.255765725214082543e-02 4.067771333269901124e-04
5.479034673113432063e+02 1.197826669094377572e-02 4.044781575713532083e-04
5.481044673113419776e+02 1.207105555933998473e-02 4.042437878824822772e-04
5.483064673113417484e+02 1.223635664969086913e-02 4.041155397167182331e-04
5.485084673113433382e+02 1.187026351297519426e-02 4.021402699040335258e-04
5.487054673113434546e+02 1.232961055429189663e-02 4.027849158785748018e-04
5.489064673113422259e+02 1.240228667237822623e-02 4.024203784656099929e-04
5.491084673113419967e+02 1.231367415419287389e-02 4.009792182726390963e-04
5.493054673113419994e+02 1.370641704488890708e-02 4.043578905313480903e-04
5.495064673113425897e+02 1.327384381856793437e-02 4.027810836995085919e-04
5.497074673113431800e+02 1.339597332332544133e-02 4.030757042453749872e-04
5.499044673113430690e+02 1.281245444242953141e-02 4.003672562887338848e-04
5.501064673113429535e+02 1.317665192374244294e-02 4.011164406436323947e-04
5.503074673113435438e+02 1.299607030437709143e-02 3.997953652081649690e-04
5.505044673113435465e+02 1.272413961333145396e-02 3.987088416379317704e-04
5.507064673113433173e+02 1.296748310397847700e-02 3.987963764111336889e-04
5.509074673113420886e+02 1.333064270623255873e-02 3.992326947324682926e-04
5.511044673113420913e+02 1.302040435783208272e-02 3.978763067884730676e-04
5.513064673113419758e+02 1.324797664658303002e-02 3.976012528326647744e-04
5.515084673113435656e+02 1.323409440906548468e-02 3.968735404353770663e-04
5.517054673113434546e+02 1.285093920695028029e-02 3.954757153160299915e-04
5.519064673113423396e+02 1.354331629037094399e-02 3.970453832208819525e-04
5.521084673113421104e+02 1.438111459569600334e-02 3.991784021531474044e-04
5.523054673113421131e+02 1.372996326079093179e-02 3.968631847983857528e-04
5.525074673113418839e+02 1.365144999908356714e-02 3.963300731002739031e-04
5.527034673113427061e+02 1.421394587801599191e-02 3.980697956801745527e-04
5.529054673113424769e+02 1.411519500681684795e-02 3.976202419824134411e-04
5.531064673113430672e+02 1.390614233256615845e-02 3.963785039088585068e-04
5.533034673113430699e+02 1.388801120715075187e-02 3.962211413791923023e-04
5.535054673113428407e+02 1.447835710647977364e-02 3.977792560461860583e-04
5.537074673113427252e+02 1.460656078147124816e-02 3.980282159758343082e-04
5.539034673113434337e+02 1.515780112314824880e-02 3.994054542149674792e-04
5.541054673113432045e+02 1.449322808306208535e-02 3.964143804301477683e-04
5.543074673113430890e+02 1.554516516596480755e-02 3.997313490269090034e-04
5.545044673113430918e+02 1.469912614005036006e-02 3.974086775302687873e-04
5.547064673113428626e+02 1.486986534248809985e-02 3.974688907983914819e-04
5.549084673113427471e+02 1.506426146353951993e-02 3.974015979958512679e-04
5.551044673113434555e+02 1.569504882427649045e-02 3.989154383657892637e-04
5.553064673113432264e+02 1.597657057233314859e-02 3.995353701623524461e-04
5.555034673113432291e+02 1.587674083052671714e-02 3.992572032250394742e-04
5.557054673113431136e+02 1.618638345222170316e-02 3.996496663431541789e-04
5.559074673113428844e+02 1.627846791424804665e-02 4.001789498732046175e-04
5.561044673113428871e+02 1.623562166773513324e-02 3.996449412451103336e-04
5.563064673113426579e+02 1.631423958521967255e-02 3.995212430837603813e-04
5.565084673113425424e+02 1.640976298256409394e-02 3.995982934737295623e-04
5.567054673113425451e+02 1.673946016753105268e-02 4.008699476371913061e-04
5.569064673113430217e+02 1.635863013933226695e-02 3.998213968705884957e-04
5.571034673113431381e+02 1.667433774437415347e-02 4.009013182228687400e-04
5.573064673113422032e+02 1.708898789742669885e-02 4.024177066334974498e-04
5.575084673113419740e+02 1.680911617799010424e-02 4.016498656638913347e-04
5.577054673113419767e+02 1.782760723520050369e-02 4.051961869423032999e-04
5.579074673113417475e+02 1.733414568051609012e-02 4.035672979402243790e-04
5.581044673113417502e+02 1.718974646472761977e-02 4.030751894438528837e-04
5.583064673113433400e+02 1.746705716606060388e-02 4.042479197577236987e-04
5.585084673113432245e+02 1.720536989619889448e-02 4.033752089159707110e-04
5.587054673113432273e+02 1.690562498024700960e-02 4.023620221164431383e-04
5.589064673113419985e+02 1.834968335007544291e-02 4.066616362203907169e-04
5.591034673113420013e+02 1.800822517482771404e-02 4.051420346936855784e-04
5.593054673113417721e+02 1.803874455190055195e-02 4.045367713883416482e-04
5.595074673113433619e+02 1.710137072056747490e-02 4.010151220571757900e-04
5.597044673113433646e+02 1.746010150601137040e-02 4.016097947374423966e-04
5.599064673113432491e+02 1.738293949107365746e-02 4.003636284966606280e-04
5.601034673113431381e+02 1.835902192998867949e-02 4.025501782600688153e-04
5.603064673113422032e+02 1.780996859417936784e-02 3.998838063316686640e-04
5.605084673113420877e+02 1.815001102709984035e-02 4.001081175730794039e-04
5.607054673113420904e+02 1.732086895982980213e-02 3.965138487299947894e-04
5.609074673113418612e+02 1.735129038818218963e-02 3.958276292321121241e-04
5.611044673113418639e+02 1.782070545136483705e-02 3.968085537963266267e-04
5.613064673113434537e+02 1.779654993614125311e-02 3.961465492047982280e-04
5.615034673113434565e+02 1.804796167196106096e-02 3.962795882511137594e-04
5.617054673113433410e+02 1.802213417938467940e-02 3.958610655093781515e-04
5.619074673113431118e+02 1.808388996342480057e-02 3.955151111362820182e-04
5.621044673113431145e+02 1.750582456223142430e-02 3.932845359285234402e-04
5.623074673113421795e+02 1.817177461167935118e-02 3.951967651988047667e-04
5.625044673113421823e+02 1.833010928530716399e-02 3.955264427890867488e-04
5.627064673113419531e+02 1.807459360072850157e-02 3.943374041251872827e-04
5.629034673113419558e+02 1.805121894229198831e-02 3.939079523709318811e-04
5.631054673113418403e+02 1.724122627658385837e-02 3.914475421982570032e-04
5.633074673113434301e+02 1.718778805529528469e-02 3.910139724851420073e-04
5.635044673113434328e+02 1.737160445008226889e-02 3.915150957455433242e-04
5.637064673113432036e+02 1.726572090230759846e-02 3.910346398775238074e-04
5.639044673113425006e+02 1.707984001853759398e-02 3.906129919451341390e-04
5.641064673113422714e+02 1.790546003521848589e-02 3.934485849127529076e-04
5.643044673113432736e+02 1.736917733305072889e-02 3.916465584956523374e-04
5.645054673113420449e+02 1.693311768807375176e-02 3.904083732519551884e-04
5.647084673113429290e+02 1.715448444022532604e-02 3.911883415516604853e-04
5.649054673113429317e+02 1.645630674139444624e-02 3.888192495744918699e-04
5.651084673113419967e+02 1.701142708829870079e-02 3.905795272145563021e-04
5.653054673113419994e+02 1.701540920355990374e-02 3.902744339880666454e-04
5.655074673113417703e+02 1.696937199880871674e-02 3.897883905650181141e-04
5.657044673113418867e+02 1.702870782558256468e-02 3.894884498917745592e-04
5.659064673113434765e+02 1.720153198888270743e-02 3.896122424187034475e-04
5.661034673113433655e+02 1.695120467202229989e-02 3.880841068176341850e-04
5.663064673113424305e+02 1.606064291505023695e-02 3.844357221068049895e-04
5.665034673113425470e+02 1.617209034503098997e-02 3.841908829997561239e-04
5.667064673113433173e+02 1.678002561312905844e-02 3.859544725518888799e-04
5.669084673113432018e+02 1.693010280280197316e-02 3.861946530827900731e-04
5.671054673113430908e+02 1.663535166926773112e-02 3.848997283198040049e-04
5.673084673113421559e+02 1.637668578872113201e-02 3.834967769970167376e-04
5.675054673113422723e+02 1.640865642476152519e-02 3.836217827471393544e-04
5.677074673113420431e+02 1.632708522893815822e-02 3.840346565444167090e-04
5.679044673113420458e+02 1.639694056316852097e-02 3.838597151289287971e-04
5.681074673113428162e+02 1.593696109197245692e-02 3.819001726552727956e-04
5.683044673113429326e+02 1.589669500308176983e-02 3.813435131509163153e-04
5.685074673113419976e+02 1.585798285626538462e-02 3.809242456885429564e-04
5.687044673113418867e+02 1.545269345761739188e-02 3.794370185007172810e-04
5.689064673113417712e+02 1.582296295894762908e-02 3.797421026455133158e-04
5.691044673113427734e+02 1.592552745878578202e-02 3.799856383792853619e-04
5.693064673113426579e+02 1.587104542072267921e-02 3.789244984043239894e-04
5.695044673113418412e+02 1.576340899981696492e-02 3.776162150514492479e-04
5.697064673113434310e+02 1.598578513202623258e-02 3.780259604030384419e-04
5.699034673113434337e+02 1.611909258478315052e-02 3.780097097085907839e-04
5.701064673113424988e+02 1.579776574945978423e-02 3.764137112744093548e-04
5.703044673113417957e+02 1.648173080790538494e-02 3.780500543244618675e-04
5.705064673113433855e+02 1.580771243458016159e-02 3.754606579885246009e-04
5.707034673113433882e+02 1.598019214140735181e-02 3.752688626204358016e-04
5.709054673113431591e+02 1.596900555727265303e-02 3.746911489862749987e-04
5.711034673113424560e+02 1.590456101271524661e-02 3.738338818181998510e-04
5.713064673113432264e+02 1.538653888548007984e-02 3.718047040694429312e-04
5.715034673113432291e+02 1.587774575703327848e-02 3.730541962507330543e-04
5.717054673113431136e+02 1.571232794692153587e-02 3.720367176276391302e-04
5.719034673113422969e+02 1.507032842474020744e-02 3.694728601744030894e-04
5.721064673113431809e+02 1.616527963332799536e-02 3.729743394984243112e-04
5.723034673113431836e+02 1.566316803111732561e-02 3.709626429516462050e-04
5.725064673113422486e+02 1.552325308530839651e-02 3.705332642379111042e-04
5.727044673113432509e+02 1.558375071909961704e-02 3.706594515608861392e-04
5.729064673113431354e+02 1.549040674977631392e-02 3.703521444090169786e-04
5.731034673113431381e+02 1.572694454104377193e-02 3.711090756319436880e-04
5.733064673113422032e+02 1.553251374616695067e-02 3.705043515951681431e-04
5.735044673113432054e+02 1.578090667657646926e-02 3.712189961269979268e-04
5.737064673113429762e+02 1.552766292035184618e-02 3.701254894620114059e-04
5.739044673113422732e+02 1.548040366239861881e-02 3.698586155654068970e-04
5.741064673113420440e+02 1.553042343804534979e-02 3.698327180662397211e-04
5.743044673113431600e+02 1.508247879252588158e-02 3.680522626019894759e-04
5.745074673113422250e+02 1.523013478813816865e-02 3.684642295660512149e-04
5.747044673113421140e+02 1.463678098225664956e-02 3.661384582828535166e-04
5.749074673113429981e+02 1.469762613485740832e-02 3.660477963306131457e-04
5.751044673113430008e+02 1.494690277976728522e-02 3.665166974398693651e-04
5.753074673113420658e+02 1.490993919479556042e-02 3.665289828905343413e-04
5.755044673113420686e+02 1.456439134547330393e-02 3.652121674222348342e-04
5.757084673113421331e+02 1.484012334148552235e-02 3.652851661936800981e-04
5.759054673113421359e+02 1.444694050202157201e-02 3.625712727893380563e-04
5.761084673113430199e+02 1.466027856804251288e-02 3.634940409949454073e-04
5.763054673113430226e+02 1.470601924671789337e-02 3.632631917048431973e-04
5.765034673113423196e+02 1.423123122183909614e-02 3.588615216199988003e-04
5.767064673113430899e+02 1.465150464447924003e-02 3.581544098154995290e-04
5.769034673113430927e+02 1.501848058870311996e-02 3.583057736452306208e-04
5.771074673113432709e+02 1.405207571374174867e-02 3.533814427615453602e-04
5.773044673113431600e+02 1.405583999071766642e-02 3.522138019650759822e-04
5.775064673113430445e+02 1.412600737149584743e-02 3.499273427849813206e-04
5.777054673113433410e+02 1.412652607422722369e-02 3.499031913233958068e-04
5.779074673113431118e+02 1.390815691749503966e-02 3.474427490486550231e-04
5.781054673113424087e+02 1.414734127750361982e-02 3.472441491394559097e-04
5.783084673113431791e+02 1.418842679890546313e-02 3.476271138820182741e-04
5.785054673113431818e+02 1.432484553836376080e-02 3.479866208436775189e-04
5.787034673113424788e+02 1.420680285827955955e-02 3.473082189096034461e-04
5.789064673113433628e+02 1.399779343320098693e-02 3.465746066853539649e-04
5.791044673113425461e+02 1.372772799112216557e-02 3.455163063077560455e-04
5.793074673113434301e+02 1.417007904592975341e-02 3.467742514436812488e-04
5.795044673113434328e+02 1.392916566223612908e-02 3.456785656142051912e-04
5.797084673113434974e+02 1.373663463502208110e-02 3.448236995907146387e-04
5.799054673113435001e+02 1.314597283420683785e-02 3.424185407523363959e-04
5.801084673113425652e+02 1.354070211666045381e-02 3.435280314184882620e-04
5.803064673113418621e+02 1.346169187249617732e-02 3.428604852247333929e-04
5.805034673113418648e+02 1.320571212991889648e-02 3.416463964134034879e-04
5.807074673113419294e+02 1.312669519195349896e-02 3.408047528444615743e-04
5.809044673113419321e+02 1.346104769525921160e-02 3.416524312213107899e-04
5.811074673113428162e+02 1.320609114344312857e-02 3.402051403514527359e-04
5.813054673113419994e+02 1.379412291605168830e-02 3.418138100518866270e-04
5.815084673113428835e+02 1.345709636751742620e-02 3.400343339787745040e-04
5.817064673113420668e+02 1.307876160984861903e-02 3.380799097894981054e-04
5.819044673113431827e+02 1.308137699388952496e-02 3.376871655567078635e-04
5.821074673113422477e+02 1.333758770562341184e-02 3.374343018735607709e-04
5.823054673113432500e+02 1.309596466167953395e-02 3.361129862893607939e-04
5.825074673113430208e+02 1.294990341875065266e-02 3.350018889414319934e-04
5.827064673113433173e+02 1.341949418405681375e-02 3.359694800776759447e-04
5.829034673113433200e+02 1.287564242734317958e-02 3.335807419604705894e-04
5.831074673113434983e+02 1.275043036801040176e-02 3.327747059627035337e-04
5.833044673113433873e+02 1.252485755878439064e-02 3.316581960715471022e-04
5.835084673113417466e+02 1.261921934355771102e-02 3.317061112914246150e-04
5.837054673113417493e+02 1.308575283459007671e-02 3.330705063857645728e-04
5.839034673113427516e+02 1.272461074318407062e-02 3.318763489760429876e-04
5.841064673113418166e+02 1.291741757263075059e-02 3.325201467629996968e-04
5.843044673113429326e+02 1.262189197930423806e-02 3.314017167117640954e-04
5.845074673113419976e+02 1.251238718789833559e-02 3.310437272369062692e-04
5.847054673113429999e+02 1.247474761694191032e-02 3.308037497981540227e-04
5.849034673113421832e+02 1.234458772148778506e-02 3.301107667316061523e-04
5.851064673113430672e+02 1.216121287234864234e-02 3.292652315625524710e-04
5.853054673113433637e+02 1.220395409768093575e-02 3.293663949985741498e-04
5.855074673113431345e+02 1.230682196634398130e-02 3.294865075450340865e-04
5.857064673113434310e+02 1.186443621193801826e-02 3.278506163809536290e-04
5.859034673113434337e+02 1.225318218097833783e-02 3.291586552459560403e-04
5.861074673113417930e+02 1.219039525766850776e-02 3.285163760395547433e-04
5.863044673113417957e+02 1.187449440773350080e-02 3.272742535996856958e-04
5.865084673113418603e+02 1.190585930540257083e-02 3.273862632386289597e-04
5.867064673113428626e+02 1.227050995667128101e-02 3.285439692562903968e-04
5.869044673113421595e+02 1.264910583686688558e-02 3.296665933077106304e-04
5.871074673113430435e+02 1.199718164103837255e-02 3.271262622625642708e-04
5.873054673113422268e+02 1.242222981939661818e-02 3.286549931456126251e-04
5.875034673113432291e+02 1.227217750176365536e-02 3.279794619568378528e-04
5.877074673113434073e+02 1.188552605567579773e-02 3.261212105481746696e-04
5.879044673113434101e+02 1.207903772309008861e-02 3.265217488809674107e-04
5.881084673113434746e+02 1.253752039819615305e-02 3.280870277411002340e-04
5.883064673113427716e+02 1.318684002935623448e-02 3.302822667433629594e-04
5.885044673113419549e+02 1.246357744624423426e-02 3.276174145492863278e-04
5.887074673113428389e+02 1.250851573878854379e-02 3.275734275326444892e-04
5.889054673113421359e+02 1.213018927815288917e-02 3.261550875527201299e-04
5.891034673113431381e+02 1.266996799488051377e-02 3.280093152103326988e-04
5.893074673113432027e+02 1.254674259662445952e-02 3.275329254248308497e-04
5.895054673113424997e+02 1.253214162352103700e-02 3.274792370128855410e-04
5.897034673113435019e+02 1.242409742147583714e-02 3.272893401620632610e-04
5.899074673113418612e+02 1.264484410258568531e-02 3.280113958376243031e-04
5.901044673113417502e+02 1.306327076983125265e-02 3.295933299117915030e-04
5.903084673113419285e+02 1.257717520705324554e-02 3.280023473262451655e-04
5.905064673113429308e+02 1.263335810064744255e-02 3.283088775693540195e-04
5.907044673113422277e+02 1.324321505356937899e-02 3.305914523212558423e-04
5.909074673113429981e+02 1.333177587207958967e-02 3.307835928856272243e-04
5.911064673113432946e+02 1.298009603640881346e-02 3.296285891545141242e-04
5.913044673113425915e+02 1.242335274034432266e-02 3.276169975662658411e-04
5.915074673113433619e+02 1.261028716974074530e-02 3.283401274274869012e-04
5.917064673113419531e+02 1.263597646571927580e-02 3.281572029925844207e-04
5.919044673113429553e+02 1.228378678572832755e-02 3.264895609709753577e-04
5.921074673113420204e+02 1.245418798373957615e-02 3.269617857885937146e-04
5.923054673113430226e+02 1.264979858375914028e-02 3.274837252321795896e-04
5.925044673113433191e+02 1.219119545291247157e-02 3.255257231776337822e-04
5.927074673113423842e+02 1.236047301128101288e-02 3.258626911939634520e-04
5.929054673113433864e+02 1.268714344913752547e-02 3.267147075845590635e-04
5.931044673113419776e+02 1.241689312857071313e-02 3.254673001716933481e-04
5.933074673113427480e+02 1.299769702960575091e-02 3.273155239783484549e-04
5.935054673113420449e+02 1.304266107028218512e-02 3.270389930843667836e-04
5.937044673113423414e+02 1.293157631949913740e-02 3.263624632356354146e-04
5.939074673113431118e+02 1.303433534006008011e-02 3.266741305190843064e-04
5.941064673113434083e+02 1.312476670249210393e-02 3.266495716736884589e-04
5.943044673113427052e+02 1.251423020110436178e-02 3.241674790925010651e-04
5.945074673113434756e+02 1.234478893074195983e-02 3.231812435258891460e-04
5.947064673113420668e+02 1.292471161762007333e-02 3.255368455925826301e-04
5.949044673113430690e+02 1.253148922510377052e-02 3.243324541732184947e-04
5.951074673113421341e+02 1.275596281958222070e-02 3.251073356040151620e-04
5.953064673113424305e+02 1.260051738553695164e-02 3.243816736716863573e-04
5.955044673113434328e+02 1.214635333554302254e-02 3.231250198423450595e-04
5.957084673113417921e+02 1.234003522885416745e-02 3.248680407529293723e-04
5.959074673113420886e+02 1.279067678470577687e-02 3.273076823316280366e-04
5.961054673113430908e+02 1.293517233222803153e-02 3.278241344704880189e-04
5.963034673113422741e+02 1.248070388329365621e-02 3.253532644578972181e-04
5.965074673113424524e+02 1.230803245757281124e-02 3.250027620530547903e-04
5.967054673113434546e+02 1.218282754051002066e-02 3.257416308871467206e-04
5.969044673113419321e+02 1.228395936414334103e-02 3.257973241409032575e-04
5.971074673113428162e+02 1.265799768030224232e-02 3.270589023146943958e-04
5.973054673113419994e+02 1.205235357397631095e-02 3.240430163628836915e-04
5.975044673113422959e+02 1.227999616409415108e-02 3.246852697276542327e-04
5.977084673113424742e+02 1.223217554160133808e-02 3.245148979936736465e-04
5.979064673113434765e+02 1.244292669675231382e-02 3.246804005838844110e-04
5.981054673113419540e+02 1.255409292437239394e-02 3.255596007778105341e-04
5.983044673113422505e+02 1.255337769228104597e-02 3.252638043825424054e-04
5.985074673113431345e+02 1.259154921956375656e-02 3.248510961218223315e-04
5.987064673113433173e+02 1.258550774031174518e-02 3.246734619795503584e-04
5.989044673113426143e+02 1.254448010446753900e-02 3.244278594588488867e-04
5.991074673113434983e+02 1.230164340403044725e-02 3.232111014871436733e-04
5.993064673113419758e+02 1.261133071807294184e-02 3.240197163995077391e-04
5.995054673113422723e+02 1.260083846917873021e-02 3.240260925966877408e-04
5.997034673113432746e+02 1.279534116849615627e-02 3.245192855245640083e-04
5.999074673113433391e+02 1.280142662881567778e-02 3.243568357745854266e-04
