-5.064166636289613166e+00 -1.230263897680049734e+00 1.687608793842571228e+22
-4.965166636289097823e+00 -1.229733353966879994e+00 7.486545860907979768e+21
-4.861666636289285748e+00 -1.227552918976256402e+00 1.643874936694007608e+22
-4.762666636288770405e+00 -1.225399475791972614e+00 7.560009197003434099e+21
-4.663666636288255063e+00 -1.223544997837582304e+00 1.668087268414982193e+22
-4.564666636289516077e+00 -1.223105779021217865e+00 1.725655675696935705e+22
-4.461166636289704002e+00 -1.221516883967199485e+00 6.804915194708393722e+21
-4.362166636289188659e+00 -1.218446860536429366e+00 2.187177072423936092e+22
-4.263166636288673317e+00 -1.218426488417789777e+00 8.206886284021025735e+21
-4.164166636288157974e+00 -1.214202647798089174e+00 1.688904216258882725e+22
-4.065166636289418989e+00 -1.213111378417005337e+00 7.739960740808001323e+21
-3.961666636289606913e+00 -1.210622219333468363e+00 1.616146225025195285e+22
-3.862666636289091571e+00 -1.209601726779888864e+00 1.660957583516652012e+22
-3.763666636288576228e+00 -1.207053433804767151e+00 1.662916218260282776e+22
-3.664666636288060886e+00 -1.202755057774456127e+00 1.736487465715489151e+22
-3.561166636288248810e+00 -1.201514433285119754e+00 6.932766870155303059e+21
-3.462166636289509825e+00 -1.200743671831985493e+00 1.638203242909463583e+22
-3.363166636288994482e+00 -1.196558541369814765e+00 3.398124845751219939e+22
-3.264166636288479140e+00 -1.196285241521152010e+00 8.453350066872411750e+21
-3.165166636289740154e+00 -1.189765719554406687e+00 2.167719963049392813e+22
-3.061666636288151722e+00 -1.190954073832757976e+00 1.718054498940593216e+22
-2.962666636289412736e+00 -1.186579435905673829e+00 1.043337080250825074e+22
-2.863666636288897394e+00 -1.186060649797826771e+00 2.254996186386332962e+22
-2.764666636288382051e+00 -1.180665651267171379e+00 9.844275799688996717e+21
-2.660666636288055997e+00 -1.178685085645006403e+00 2.811822603390131215e+22
-2.561666636289317012e+00 -1.172169705873964851e+00 1.607964218685446842e+22
-2.462666636288801669e+00 -1.168004752653796663e+00 7.369057359270492766e+21
-2.363666636288286327e+00 -1.162011211143888501e+00 1.654363468129860007e+22
-2.264666636289547341e+00 -1.159997482196957641e+00 1.603860205657670654e+22
-2.161166636289735266e+00 -1.154377295697868844e+00 1.801442148002958410e+22
-2.062166636289219923e+00 -1.141464653409812735e+00 9.841563174276335403e+21
-1.963166636288704581e+00 -1.128596731762599115e+00 9.873938733023816057e+21
-1.864166636288189238e+00 -1.117722188417690221e+00 9.961333470337649607e+21
-1.765166636289450253e+00 -1.106416298650808594e+00 1.767978418008384917e+22
-1.661666636289638177e+00 -1.075168461658495112e+00 9.228591823214318977e+21
-1.562166636288608856e+00 -1.045909535300598492e+00 9.539957305390198161e+21
-1.463166636288093514e+00 -9.817791176109843532e-01 1.594706528792570810e+22
-1.364166636289354528e+00 -8.370197400310912528e-01 1.747193888426096905e+22
-1.265166636288839186e+00 -4.949150445523234354e-01 2.175368998467956166e+22
-1.161666636289027110e+00 3.642796576648584250e-01 1.162260196103855433e+22
-1.062666636288511768e+00 2.235812650945294244e+00 1.186455647302297479e+22
-9.636666362897727822e-01 6.042079465374302849e+00 1.763376799404954694e+22
-8.641666362887434616e-01 1.263190413689457969e+01 1.560120467194970427e+22
-7.651666362882281192e-01 2.258545401788920515e+01 5.826906091577228132e+21
-6.616666362884160435e-01 3.738449647410197230e+01 1.204881426255347660e+22
-5.626666362896770579e-01 5.694017247929065206e+01 1.714708494227931660e+22
-4.636666362891617155e-01 8.378833348731851061e+01 8.896109961788801417e+21
-3.646666362886463730e-01 1.162216737383800762e+02 8.639569049858289435e+21
-2.611666362888342974e-01 1.537970236554728274e+02 8.963094102269004612e+21
-1.616666362895813336e-01 1.882379889195492524e+02 1.156393394738876855e+22
-6.266663628906599115e-02 2.115084165060614225e+02 1.749051074372651975e+22
3.633336371144935129e-02 2.130702892215325335e+02 1.735002827798795099e+22
1.353333637119646937e-01 1.875592113713289280e+02 2.395861767425271792e+22
2.388333637117767694e-01 1.447753773662481649e+02 1.566265100564676844e+22
3.383333637110297332e-01 1.060214347867849227e+02 9.479220129531101708e+21
4.373333637115450756e-01 7.597128365929722804e+01 8.927368471134849729e+21
5.363333637102840612e-01 5.394423610866835617e+01 1.441528617381950548e+22
6.353333637107994036e-01 3.799706265044823539e+01 1.158716624331540844e+22
7.388333637106114793e-01 2.619644958096004572e+01 8.395533820848870785e+21
8.383333637116407999e-01 1.822625890097535972e+01 8.410614973511886701e+21
9.373333637103797855e-01 1.240077306895110532e+01 1.193210404030887703e+22
1.036333363710895128e+00 8.166049118180870536e+00 1.143535263977737447e+22
1.135333363711410470e+00 5.209857228961330300e+00 1.148932067393621354e+22
1.239333363711736524e+00 2.803550646812094094e+00 1.192448298683323122e+22
1.338333363710475510e+00 1.231196945723177283e+00 1.141620722123926405e+22
1.437333363710990852e+00 1.328615776758121370e-01 7.571700282425975243e+21
1.536333363711506195e+00 -5.662455543721796047e-01 1.131617663172659590e+22
1.635833363710759158e+00 -8.841420068658939480e-01 1.426487132932205760e+22
1.734833363711274501e+00 -1.023889458138464104e+00 1.415257099136669005e+22
1.838333363711086577e+00 -1.082820560865173309e+00 9.475396626854914818e+21
1.937333363711601919e+00 -1.107732938924487653e+00 1.642486919746821921e+22
2.036833363710854883e+00 -1.114635525115483361e+00 9.836286082443756175e+21
2.135833363711370225e+00 -1.123817470333971169e+00 1.597740455312307205e+22
2.234833363711885568e+00 -1.126565671628279475e+00 9.393316513448364868e+21
2.338333363711697643e+00 -1.130120110914761833e+00 1.129610655002920170e+22
2.437833363710950607e+00 -1.133235431834756168e+00 1.422056730757174185e+22
2.536833363711465950e+00 -1.135180550963390989e+00 1.424611867037474069e+22
2.635833363711981292e+00 -1.133655719628906544e+00 1.285051993030667954e+22
2.735333363711234256e+00 -1.135346676968606028e+00 1.118300438053711249e+22
2.838833363711046331e+00 -1.133945312864913735e+00 7.970718129626681442e+21
2.937833363711561674e+00 -1.135351864061118432e+00 1.415650869509036284e+22
3.036833363710300659e+00 -1.135240623513542602e+00 1.210162336648425950e+22
3.136333363711329980e+00 -1.136534021539417516e+00 1.243258483286314110e+22
3.235333363711845323e+00 -1.133640932400495904e+00 1.217088683280212951e+22
3.338833363711657398e+00 -1.134557582492897287e+00 1.108765279069750795e+22
3.338833363711657398e+00 -1.134557582492897287e+00 1.108765279069750795e+22
3.537333363711425704e+00 -1.133495273488819510e+00 1.141624963373110762e+22
3.636333363711941047e+00 -1.134605652294789824e+00 1.139942890143040825e+22
3.735833363711194011e+00 -1.133018789194075726e+00 1.248944606607460165e+22
3.834833363711709353e+00 -1.132143827512325895e+00 1.146829643445999292e+22
3.938333363711521429e+00 -1.132415776182890133e+00 1.147438875839611640e+22
4.037833363710774393e+00 -1.132084385894756906e+00 1.186111170019264876e+22
4.136833363711289735e+00 -1.130710679387749273e+00 1.161591346701820494e+22
4.236333363710542699e+00 -1.128547866021251789e+00 1.257715634683411589e+22
4.335333363711058041e+00 -1.129637768600863401e+00 1.206562695131407634e+22
4.438833363710870117e+00 -1.130548495753991300e+00 1.376813135335359565e+22
4.538333363711899437e+00 -1.128397551125471576e+00 1.187344403431692016e+22
4.637333363710638423e+00 -1.127036846155090588e+00 1.192397668251075609e+22
4.736333363711153766e+00 -1.124569047737348892e+00 1.214089407380013344e+22
4.835833363710406729e+00 -1.123948059309624936e+00 1.198087226503131562e+22
4.934833363710922072e+00 -1.121982069788948877e+00 1.194694034691805571e+22
5.199358333637107989e+02 -5.622191688017764630e-05 1.004884473063153542e+24
5.201358333637102760e+02 -5.754781882395204558e-05 9.870493735761851261e+23
5.203368333637108663e+02 -1.061948181804025181e-04 9.852466965293197657e+23
5.205368333637103433e+02 -1.657111070396904788e-04 1.004925941428038094e+24
5.207328333637111655e+02 -9.372332801711712733e-05 1.008430176134952697e+24
5.209338333637116421e+02 -8.946122043971279183e-05 9.798187592067759001e+23
5.211338333637112328e+02 -3.488515965240048455e-04 9.888487574798881763e+23
5.213348333637118230e+02 -3.318852497493539810e-04 2.860595437288308878e+23
5.215348333637113001e+02 -1.165609457806037315e-04 2.733736000044759840e+23
5.217358333637118903e+02 -4.287337160545268193e-05 9.942273971773011028e+23
5.219358333637113674e+02 8.407081988858234613e-05 9.870493667057978678e+23
5.221368333637119576e+02 1.920769211770621797e-06 9.780027546169300641e+23
5.223368333637115484e+02 -1.689787515230538513e-05 9.816809286279281729e+23
5.225378333637103196e+02 -1.129669541141356553e-04 9.870704791814702933e+23
5.227328333637117339e+02 1.465517070637682121e-04 9.995631942006605747e+23
5.229338333637106189e+02 -2.411896880724964383e-04 1.001367837201541391e+24
5.231338333637119149e+02 1.102182486549017115e-06 1.929411404042405379e+24
5.233348333637106862e+02 -5.659510158898285455e-05 1.934938922396739751e+24
5.235348333637119822e+02 -7.604143877171177981e-05 3.266983943582077231e+23
5.237368333637117530e+02 -2.071026923945059321e-06 3.158039293890289121e+23
5.239368333637113437e+02 -1.318781378247884338e-04 3.212108778061980657e+23
5.241378333637119340e+02 -1.540850281015045483e-05 3.098548618659014052e+23
5.243328333637116430e+02 1.484114483225670443e-04 9.977622469060589938e+23
5.245338333637104142e+02 -1.972488060128011183e-04 2.860838179446934638e+23
5.247338333637117103e+02 -1.827659014778907514e-05 3.040863766448992525e+23
5.249348333637104815e+02 -1.028797654958851066e-04 3.099445148903640610e+23
5.251348333637117776e+02 6.463897916308875859e-05 3.579577434585699325e+23
5.253358333637105488e+02 8.820661672280848489e-05 1.024166123001991284e+24
5.255368333637111391e+02 1.457796361107491863e-04 9.924517525329275907e+23
5.257378333637117294e+02 9.586751676748694848e-06 9.995631942006604405e+23
5.259338333637107326e+02 8.229663618417750836e-05 1.003148466862388429e+24
5.261338333637102096e+02 1.300894589630330865e-04 1.008512799400352599e+24
5.263348333637107999e+02 -1.179167165988279797e-04 9.942832646619634199e+23
5.265348333637102769e+02 1.086081252329892764e-04 1.001409444418458686e+24
5.267368333637118667e+02 2.041102185125088912e-04 9.852748887228376406e+23
5.269368333637114574e+02 -3.409539543308765305e-05 1.048244734048760840e+24
5.271378333637102287e+02 1.775055412108126045e-04 1.044867389549960801e+24
5.273328333637117566e+02 2.863056311716612049e-04 3.042233404704406236e+23
5.275338333637105279e+02 1.311948332654462850e-04 2.733990005667044681e+23
5.277348333637111182e+02 -1.007926170209593197e-05 3.530155971114721115e+23
5.279358333637115948e+02 1.947228464175435676e-04 2.862294200088564429e+23
5.281368333637103660e+02 1.389273747137695684e-04 2.667915147155257678e+23
5.283368333637117757e+02 6.715982605902023059e-05 2.733735751980859188e+23
5.285328333637106653e+02 9.718691420231867918e-05 2.600962824262070085e+23
5.287338333637112555e+02 -5.267993170647950985e-08 2.797760706406898383e+23
5.289348333637118458e+02 1.617958766718732302e-04 9.888698315383779036e+23
5.291358333637106170e+02 2.877153371354246653e-05 9.670423014539627059e+23
5.293358333637119131e+02 -2.600627498710737957e-05 9.780453558128564660e+23
5.295378333637117976e+02 -1.141185389608437219e-04 9.834477761926152963e+23
5.297328333637115065e+02 1.622713544342592234e-04 9.852678407500846607e+23
5.299338333637102778e+02 -1.749891871254733277e-05 1.001374771857748631e+24
5.300338333637117785e+02 -1.136619927707953353e-04 1.017213041966652525e+24
5.301348333637108681e+02 -7.127437766408184891e-06 9.960068482805165887e+23
5.302348333637105497e+02 -1.025541957319937582e-04 9.870634440298511508e+23
5.303348333637103451e+02 -4.491963143347322478e-05 9.852396414718849529e+23
5.304358333637111400e+02 1.182544649449077389e-04 9.761478031147599984e+23
5.305368333637119349e+02 3.957769518398311697e-05 2.150215232229088512e+23
5.306368333637117303e+02 -4.719376227819390205e-05 2.734751880980609326e+23
5.307378333637107062e+02 5.183397109551775680e-05 2.859867087190416435e+23
5.308378333637105015e+02 9.007491129433376842e-05 2.733736000044759840e+23
5.309328333637104151e+02 1.618268716055465319e-04 2.667134179785631492e+23
5.310338333637112100e+02 7.140708731651421040e-05 2.532789304355835399e+23
5.311338333637110054e+02 -1.432652138819430856e-04 2.459908001503241212e+23
5.312348333637118003e+02 8.492973271888994244e-05 2.232915661740371262e+23
5.313348333637115957e+02 -1.367994344295659997e-04 2.733736000044759840e+23
5.314358333637105716e+02 -2.865360472265497877e-05 2.922554336768729400e+23
5.315358333637103669e+02 -1.229407832271955246e-06 3.213189320838920609e+23
5.316358333637118676e+02 1.114960227779196781e-04 2.602297404011721460e+23
5.317368333637109572e+02 1.954173606237662847e-04 1.333827806364169268e+23
5.318378333637117521e+02 1.721807987391088383e-04 2.600428800582742295e+23
5.319378333637114338e+02 -2.798304712260966386e-05 9.779743597228223019e+23
5.320338333637106416e+02 7.658809022790700680e-05 9.706976160725083231e+23
5.321338333637104370e+02 -3.205599883119320811e-05 2.460190279024415982e+23
5.322338333637119376e+02 8.653274871338185168e-05 3.528581941123716523e+23
5.323348333637110272e+02 9.469427811026934997e-05 3.772265337429526839e+23
5.324358333637118221e+02 1.970934220018352148e-04 1.020675086189904716e+24
5.325358333637116175e+02 -3.639315521758889249e-05 1.025934251526206171e+24
5.326358333637112992e+02 1.898212868788554828e-06 1.006658882338043929e+24
5.327368333637103888e+02 4.244319370341217523e-04 9.978040044717306481e+23
5.328368333637118894e+02 4.255302256464125386e-05 1.004988130645441809e+24
5.329368333637116848e+02 2.251418871338350795e-04 1.013732317740261456e+24
5.330328333637108926e+02 1.155729573915948870e-04 9.959998762501036237e+23
5.331338333637116875e+02 2.994329040793484152e-04 9.888206740387660992e+23
5.332338333637114829e+02 5.382424904554342689e-04 1.024159342667665546e+24
5.333348333637104588e+02 1.068952631118987983e-03 1.015470752027508375e+24
5.334348333637102542e+02 9.309818855298441099e-04 1.020722716241708936e+24
5.335348333637117548e+02 9.887907933007569240e-04 1.022408507443334187e+24
5.336358333637108444e+02 1.489182628212500819e-03 1.013670658293426175e+24
5.337358333637105261e+02 2.085432470185584388e-03 1.402236897771939506e+24
5.338368333637113210e+02 3.079269850823344000e-03 1.024172896670074794e+24
5.339378333637104106e+02 3.740342809562758209e-03 1.018959167779677537e+24
5.340328333637103242e+02 4.798784127339215944e-03 1.397161606394810793e+24
5.341328333637118249e+02 6.412630767371889015e-03 3.629474307862979401e+23
5.342338333637109145e+02 7.522992927537318700e-03 2.863264469176204017e+23
5.343348333637117094e+02 8.790782884177696793e-03 3.630430817020243251e+23
5.344348333637115047e+02 9.832999208226963703e-03 1.006741664445497763e+24
5.345358333637104806e+02 1.113041350278795583e-02 4.132611910558712636e+23
5.346358333637102760e+02 1.230890720248267386e-02 2.864719019911708703e+23
5.347368333637110709e+02 1.213265829925450935e-02 3.042233627613391435e+23
5.348378333637118658e+02 1.236349628403181182e-02 3.322624871741598256e+23
5.349378333637115475e+02 1.282781489960897747e-02 3.157379559431426351e+23
5.350328333637115747e+02 1.312136510999263421e-02 1.010239600943773113e+24
5.351338333637105507e+02 1.263423157973622181e-02 4.342531268778841552e+23
5.352338333637103460e+02 1.240402834562326535e-02 2.985088746525633660e+23
5.353348333637111409e+02 1.300791505928237772e-02 3.158259174751439243e+23
5.354358333637119358e+02 1.283157137718930751e-02 3.680015403286153952e+23
5.355358333637117312e+02 1.321050024744922606e-02 1.013773417495169742e+24
5.356368333637107071e+02 1.412553849050074417e-02 1.010273962551514086e+24
5.357368333637105025e+02 1.508671140490673752e-02 1.015484421999382923e+24
5.358368333637101841e+02 1.602550382545651561e-02 9.852960323386048522e+23
5.359328333637112109e+02 1.768774559505638042e-02 1.027780432051311043e+24
5.360338333637103005e+02 1.962817302473147257e-02 1.388221443454121651e+24
5.361338333637118012e+02 2.158633358796743437e-02 1.392052846087384091e+24
5.362348333637107771e+02 2.324092644748686556e-02 1.407333355552734412e+24
5.363348333637105725e+02 2.393584429139874320e-02 1.379253540048657275e+24
5.364358333637113674e+02 2.621514939840195735e-02 1.375366287276501524e+24
5.365368333637103433e+02 2.717603176350743069e-02 1.379228366181404106e+24
5.366368333637119576e+02 2.858824671213125446e-02 1.377969081529114353e+24
5.367368333637116393e+02 2.941394212020899054e-02 1.377999317720798664e+24
5.368328333637109608e+02 2.993005291629257172e-02 1.397181487033660222e+24
5.369338333637117557e+02 3.092289601261121942e-02 1.388231447824452303e+24
5.370348333637107316e+02 3.156755412340506856e-02 1.386940288264293216e+24
5.371348333637105270e+02 3.206882574488786192e-02 1.383190113930238474e+24
5.372348333637102087e+02 3.139263497711256706e-02 1.371554090166209881e+24
5.373358333637110036e+02 3.178091352860937940e-02 9.816950760265239977e+23
5.374368333637117985e+02 3.245073631789206769e-02 9.762687379628170769e+23
5.375368333637115938e+02 3.271575975574192441e-02 9.835113235145750751e+23
5.376378333637105698e+02 3.206415358375976077e-02 3.102132529216163750e+23
5.377328333637105970e+02 3.245763229470233213e-02 3.043374484750796870e+23
5.378338333637113919e+02 3.244569563976931054e-02 3.158478825600361767e+23
5.379348333637103678e+02 3.283375252960311907e-02 3.427961290527709090e+23
5.380348333637119822e+02 3.196276448318238761e-02 3.480232065173660023e+23
5.381348333637116639e+02 3.174035264890775337e-02 9.942832714823655804e+23
5.382368333637117530e+02 3.249893294524176107e-02 1.004953581555333143e+24
5.383368333637115484e+02 3.236902777127283193e-02 2.799249536785494636e+23
5.384378333637105243e+02 3.188446510932030353e-02 2.923742357558356460e+23
5.385328333637105516e+02 3.178758576239714556e-02 2.668175164655546495e+23
5.386328333637102332e+02 3.129089716151989276e-02 2.600962824262070085e+23
5.387348333637103224e+02 3.140551855908318979e-02 2.386837566153926661e+23
5.388348333637118230e+02 3.108892013241079319e-02 2.067901655850468340e+23
5.389348333637116184e+02 3.126753322181346356e-02 2.923979857407958193e+23
5.390358333637105943e+02 3.120214830627249941e-02 2.311759352583835426e+23
5.391358333637103897e+02 3.068506520178286220e-02 2.668956081505785285e+23
5.392378333637104788e+02 3.063093810094531105e-02 9.995770885047128980e+23
5.393378333637119795e+02 3.021885564625974990e-02 2.461319065377848940e+23
5.394328333637120068e+02 3.026330494160564891e-02 2.461601181089059129e+23
5.395338333637109827e+02 3.038316017875516625e-02 3.211460151187173708e+23
5.396348333637117776e+02 3.001958500779531094e-02 9.995423523824441376e+23
5.397348333637115729e+02 3.022838544503556393e-02 9.995492997034694777e+23
5.399358333637103442e+02 2.980419754351825573e-02 9.959789530572430078e+23
5.401378333637119340e+02 3.017116286320446067e-02 9.924657463956178416e+23
5.403338333637109372e+02 2.951916346417769732e-02 1.018986427254119953e+24
5.405358333637107080e+02 2.949566160408351179e-02 9.978179164757108206e+23
5.407368333637112983e+02 2.906154724144979426e-02 1.006714073411427227e+24
5.409328333637101878e+02 2.880250488400925429e-02 1.022456050113043210e+24
5.411348333637117776e+02 2.772683269833819616e-02 1.024179683535980369e+24
5.413358333637106625e+02 2.754418504182530592e-02 2.861080901010632527e+23
5.415368333637111391e+02 2.689298425122438330e-02 3.374469487927955324e+23
5.417328333637119613e+02 2.614989563039159942e-02 2.600695826129377066e+23
5.419348333637117321e+02 2.522017168587969635e-02 3.477237606776690736e+23
5.421358333637105034e+02 2.417430978901970173e-02 3.677372478834458860e+23
5.423378333637103879e+02 2.360245594128999175e-02 3.427353513998330343e+23
5.425328333637118021e+02 2.261966667243481971e-02 2.667915147155257678e+23
5.427348333637116866e+02 2.177684285964653910e-02 3.320325115663174053e+23
5.429358333637104579e+02 2.088855830752099976e-02 2.733735751980858852e+23
5.431378333637102287e+02 1.972831276835283060e-02 2.150722210447671578e+24
5.433338333637109372e+02 1.956284043615124854e-02 9.942623189859298726e+23
5.435348333637115275e+02 1.857043092212770988e-02 1.010205231454334568e+24
5.437368333637114119e+02 1.794934557201609965e-02 9.743962253545659601e+23
5.439328333637103015e+02 1.702106758019022656e-02 1.022456056745515989e+24
5.441348333637118913e+02 1.621805450202645424e-02 1.006658882338043929e+24
5.443358333637106625e+02 1.537598953141065296e-02 1.008409517579626479e+24
5.445378333637105470e+02 1.524063409922788576e-02 9.960138202621253035e+23
5.447338333637112555e+02 1.459559011168911138e-02 1.019013685999348056e+24
5.449348333637118458e+02 1.453785513052616336e-02 1.031153132294324722e+24
5.451368333637116166e+02 1.417883698777692297e-02 2.388001025918928599e+23
5.453338333637116193e+02 1.397889530615811435e-02 2.861080901010633198e+23
5.455348333637105043e+02 1.341457114106894485e-02 3.100565173769957120e+23
5.457368333637102751e+02 1.308407493077645006e-02 3.864649145061757336e+23
5.459378333637108653e+02 1.279201938837864518e-02 3.267196492525306412e+23
5.461338333637115738e+02 1.250258861504220491e-02 3.627368912937156231e+23
5.463358333637113446e+02 1.283217630997646706e-02 3.428568959317588270e+23
5.465368333637119349e+02 1.219155229173174600e-02 3.157159617309334338e+23
5.467338333637119376e+02 1.255074263462297238e-02 1.936789873074031913e+24
5.469358333637117084e+02 1.220989755503199860e-02 1.019027315098525498e+24
5.471368333637105934e+02 1.178002417082361052e-02 1.032862239057002453e+24
5.473338333637105961e+02 1.189669197631381715e-02 1.022571508311524033e+24
5.475348333637110727e+02 1.184687660092633918e-02 1.003183078119686346e+24
5.477358333637116630e+02 1.205741450882246053e-02 1.008457720217081777e+24
5.479328333637116657e+02 1.195757368560034471e-02 1.376658213585329347e+24
5.481338333637104370e+02 1.216270861139234945e-02 9.853030732271358291e+23
5.483358333637103215e+02 1.187731936482807477e-02 2.923504838414729164e+23
5.485378333637119113e+02 1.195129142340294395e-02 3.628900094479785295e+23
5.487348333637119140e+02 1.197746088162486566e-02 2.235712828331159779e+23
5.489358333637106853e+02 1.191845743805302997e-02 2.982761554862933394e+23
5.491378333637104561e+02 1.190875201699974004e-02 3.098548837516693503e+23
5.493348333637104588e+02 1.175165957040808472e-02 3.627751955842403549e+23
5.495358333637110491e+02 1.222814141619700881e-02 2.982761554862933394e+23
5.497368333637116393e+02 1.204684692985355521e-02 4.046694081273373718e+23
5.499338333637116421e+02 1.232005792854772019e-02 3.774289726635265030e+23
5.501358333637114129e+02 1.227201249918202092e-02 3.267196492525305741e+23
5.503368333637120031e+02 1.219394139702255180e-02 1.015504936628974623e+24
5.505338333637120058e+02 1.281690667646699991e-02 1.032808451852577947e+24
5.507358333637117767e+02 1.262135846262346303e-02 1.061672839744360074e+24
5.509368333637105479e+02 1.294464572186918364e-02 1.029407453048012964e+24
5.511338333637105507e+02 1.273396080190124756e-02 9.977970449988093823e+23
5.513358333637104352e+02 1.278184481233378585e-02 9.888417349798974236e+23
5.515378333637120249e+02 1.300078251279107242e-02 9.924587494889372370e+23
5.517348333637120277e+02 1.310631118940567240e-02 1.385662955095531670e+24
5.519358333637107989e+02 1.270023861775272656e-02 4.088690003102164708e+23
5.521378333637105698e+02 1.290053977032658804e-02 2.153219820424129665e+24
5.523348333637105725e+02 1.304739682209904265e-02 9.995979295986739661e+23
5.525368333637104570e+02 1.278463831024812154e-02 9.942483504096685851e+23
5.527328333637111655e+02 1.273624397355227825e-02 9.924937335290702458e+23
5.529348333637109363e+02 1.317427755258243453e-02 1.934953274156483971e+24
5.531358333637115265e+02 1.340179721514511701e-02 1.372758553111391514e+24
5.533328333637115293e+02 1.357142561646861208e-02 9.960417077005436982e+23
5.535348333637113001e+02 1.360865234361343865e-02 3.772817371557974916e+23
5.537368333637111846e+02 1.373797819431249977e-02 3.268471495921150103e+23
5.539328333637118931e+02 1.384433450978441935e-02 1.024220364060710769e+24
5.541348333637117776e+02 1.388692057692596238e-02 1.038019530321921151e+24
5.543368333637115484e+02 1.417381488480978780e-02 1.025907183273222737e+24
5.545338333637115511e+02 1.439017800425613884e-02 1.031065575202915988e+24
5.547358333637113219e+02 1.422484699287431854e-02 9.852678407500847949e+23
5.549378333637112064e+02 1.392926631318998007e-02 9.977622469060589938e+23
5.551338333637119149e+02 1.455882076379580795e-02 9.798187661278636367e+23
5.553358333637116857e+02 1.480126866756684492e-02 1.004863748361855397e+24
5.555328333637116884e+02 1.496494084229581245e-02 3.374880832706172389e+23
5.557348333637115729e+02 1.497477323677886066e-02 2.982528735824984702e+23
5.559368333637113437e+02 1.502652492953267076e-02 3.628326164026336404e+23
5.561338333637113465e+02 1.528769611386222339e-02 3.578995594721766461e+23
5.563358333637111173e+02 1.522760215412082875e-02 3.773001604632385484e+23
5.565378333637110018e+02 1.520998001154127630e-02 1.025927482877406530e+24
5.567348333637110045e+02 1.569584424366054359e-02 3.211892583657845891e+23
5.569358333637115948e+02 1.559547312478733530e-02 1.020722716241708936e+24
5.571328333637115975e+02 1.566516519934674223e-02 1.029400707236657839e+24
5.573358333637106625e+02 1.588664333778118387e-02 4.133620151689493977e+23
5.575378333637104333e+02 1.592931969090223554e-02 1.020790765757106613e+24
5.577348333637104361e+02 1.577325057227109417e-02 1.022456050113043075e+24
5.579368333637102069e+02 1.601178813886199731e-02 1.402241845132898089e+24
5.581338333637102096e+02 1.594037774020549622e-02 1.025934277966152889e+24
5.583358333637117994e+02 1.586717755081316905e-02 1.419904034828824059e+24
5.585378333637116839e+02 1.616423355255807576e-02 1.027665585470844913e+24
5.587348333637116866e+02 1.638048581071436735e-02 1.017233515068503672e+24
5.589358333637104579e+02 1.622256297856791013e-02 1.004932844783008743e+24
5.591328333637104606e+02 1.621295467272393029e-02 2.924455494902887869e+23
5.593348333637102314e+02 1.619811677801588981e-02 3.101237650532755801e+23
5.595368333637118212e+02 1.614842333812306630e-02 2.532515922153276451e+23
5.597338333637118239e+02 1.665791241689572322e-02 2.733989757626191226e+23
5.599358333637117084e+02 1.627625527349538595e-02 3.676617061308239656e+23
5.601328333637117112e+02 1.664376858298279374e-02 3.158039079155403808e+23
5.603358333637107762e+02 1.611278834530415274e-02 2.532241707028240621e+23
5.605378333637105470e+02 1.652073052480121720e-02 3.043375376052329497e+23
5.607348333637105497e+02 1.615630741736436005e-02 3.865187984766574778e+23
5.609368333637103206e+02 1.650333678131166160e-02 2.984390552342624584e+23
5.611338333637103233e+02 1.670028029030976024e-02 9.743463654759849032e+23
5.613358333637119131e+02 1.656829777975584589e-02 1.017185728300571519e+24
5.615328333637119158e+02 1.614190777510578212e-02 1.003162304748572570e+24
5.617348333637118003e+02 1.573486141746234870e-02 1.004925934679867351e+24
5.619368333637115711e+02 1.631608678951136301e-02 1.004919024529210467e+24
5.621338333637115738e+02 1.615701007025360098e-02 1.006665807491662334e+24
5.623368333637106389e+02 1.640986530577328781e-02 1.006658882338043929e+24
5.625338333637106416e+02 1.607425064835161718e-02 2.983692422062339439e+23
5.627358333637105261e+02 1.586193145459504142e-02 2.862051344478588937e+23
5.629328333637104151e+02 1.597085167116483670e-02 2.982528508453759673e+23
5.631348333637102996e+02 1.588471185067659441e-02 1.689394008568768967e+23
5.633368333637118894e+02 1.583589863675017445e-02 3.212109411422647469e+23
5.635338333637118922e+02 1.594223536758103410e-02 2.309956049170001507e+23
5.637358333637116630e+02 1.592756208868555123e-02 2.385673538985866329e+23
5.639338333637109599e+02 1.625771871824668521e-02 2.602030282202190038e+23
5.641358333637107307e+02 1.562482795002884464e-02 2.734497698133615911e+23
5.643338333637118467e+02 1.560696780849780106e-02 9.888628297614110805e+23
5.645348333637106180e+02 1.532986936732543687e-02 2.461319891935950002e+23
5.647378333637113883e+02 1.546429048194340218e-02 1.010212125584345887e+24
5.649348333637113910e+02 1.538808429449586672e-02 1.022462841742540633e+24
5.651378333637104561e+02 1.529389098306972380e-02 1.024172923155492599e+24
5.653348333637104588e+02 1.517700568818463464e-02 1.389481441503863703e+24
5.655368333637103433e+02 1.504860490866885385e-02 1.006672705651795145e+24
5.657338333637103460e+02 1.542229614528425885e-02 1.403509032780664773e+24
5.659358333637119358e+02 1.504380674486804036e-02 1.379213256723630777e+24
5.661328333637119385e+02 1.541997652573211947e-02 4.464120545546409104e+23
5.663358333637110036e+02 1.502361638306164149e-02 3.478834868049157670e+23
5.665328333637110063e+02 1.542968768942542049e-02 2.235091234869176141e+23
5.667358333637117767e+02 1.464975507545583297e-02 3.156720331566102285e+23
5.669378333637116611e+02 1.492998449619451808e-02 1.020688719680488918e+24
5.671348333637116639e+02 1.462404254317016192e-02 3.628134584484034783e+23
5.673378333637107289e+02 1.482896538587860635e-02 2.922079086040037605e+23
5.675348333637107316e+02 1.481924619757713467e-02 1.013698086740911781e+24
5.677368333637105025e+02 1.505445926114520536e-02 2.984391461259966583e+23
5.679338333637105052e+02 1.532304569534333888e-02 2.798753105691588732e+23
5.681368333637113892e+02 1.475264172057702376e-02 1.032895854637423180e+24
5.683338333637113919e+02 1.473222680245472697e-02 1.056677032381469998e+24
5.685368333637104570e+02 1.503302101657438654e-02 1.393339263157144968e+24
5.687338333637104597e+02 1.472233740033777188e-02 2.152435996019010260e+24
5.689358333637102305e+02 1.446771582207757173e-02 1.370191483616751761e+24
5.691338333637112328e+02 1.450698189333384132e-02 1.388251451463968066e+24
5.693358333637111173e+02 1.440338136520776142e-02 1.392062818051000547e+24
5.695338333637103005e+02 1.466920268467333463e-02 1.004891410445015076e+24
5.697358333637118903e+02 1.432002229669604443e-02 3.214053662299298726e+23
5.699328333637118931e+02 1.430308050090909992e-02 3.529368851725234702e+23
5.701358333637109581e+02 1.421495589718918019e-02 3.268046342552924298e+23
5.703338333637102551e+02 1.406712465192185187e-02 1.020675086189904716e+24
5.705358333637118449e+02 1.408432380327860264e-02 3.910378289730285008e+23
5.707328333637118476e+02 1.494680210361605706e-02 3.212973199142302117e+23
5.709348333637116184e+02 1.439271124058459986e-02 1.008540341225971226e+24
5.711328333637109154e+02 1.455574082569893561e-02 2.669215997605085257e+23
5.713358333637117994e+02 1.433144834624702595e-02 1.001430240606932907e+24
5.715328333637116884e+02 1.428007826295337596e-02 9.798542222198814949e+23
5.717348333637115729e+02 1.463631362410449700e-02 1.024193263754093944e+24
5.719328333637108699e+02 1.391620739324853431e-02 1.008443941545428405e+24
5.721358333637116402e+02 1.413584852237595446e-02 9.995979228145343487e+23
5.723328333637116430e+02 1.422450050478393617e-02 3.530943299152549060e+23
5.725358333637107080e+02 1.401082810862074382e-02 3.376115168925209068e+23
5.727338333637117103e+02 1.358071660003716714e-02 1.015504963340461790e+24
5.729358333637115948e+02 1.367481941234714379e-02 1.003155409489625071e+24
5.731328333637115975e+02 1.338129640575299456e-02 1.004898293792134383e+24
5.733358333637106625e+02 1.372177047390263534e-02 3.212757062907209261e+23
5.735338333637116648e+02 1.396447644587892056e-02 9.834619188609200329e+23
5.737358333637114356e+02 1.378697196110048942e-02 2.312060597443870453e+23
5.739338333637107326e+02 1.371736881311330647e-02 1.003162304748572570e+24
5.741358333637105034e+02 1.346091139648255761e-02 4.001656107789246246e+23
5.743338333637116193e+02 1.366433222634832328e-02 2.799497355965531402e+23
5.745368333637106844e+02 1.338050355594719125e-02 2.312059424219677883e+23
5.747338333637106871e+02 1.309374440783739844e-02 2.983693331192351105e+23
5.749368333637114574e+02 1.344296472707813203e-02 3.868062165097451472e+23
5.751338333637114602e+02 1.388541903990008798e-02 2.671036479327239584e+23
5.753368333637105252e+02 1.365722145180096360e-02 1.008437082400041520e+24
5.755338333637105279e+02 1.341107331426309550e-02 1.932195107799232753e+24
5.757378333637107062e+02 1.336534858166849547e-02 9.942413592272542231e+23
5.759348333637105952e+02 1.331748776086200126e-02 1.926634505229306677e+24
5.761378333637114793e+02 1.284962959940914341e-02 9.816526539435423711e+23
5.763348333637114820e+02 1.354449980793371970e-02 1.006665780545631432e+24
5.765328333637107789e+02 1.321226313883405029e-02 9.996048968857104197e+23
5.767358333637115493e+02 1.312416917068399622e-02 9.798187592067757659e+23
5.769328333637115520e+02 1.330660399212086308e-02 9.942483435890272486e+23
5.771368333637117303e+02 1.320140030958116828e-02 2.668696648311168135e+23
5.773338333637117330e+02 1.281771039526338231e-02 2.800241408432081973e+23
5.775358333637115038e+02 1.286643473536199650e-02 3.043602649423663690e+23
5.777348333637118003e+02 1.281440090989785507e-02 4.175573822492908506e+23
5.779368333637115711e+02 1.274855232641483940e-02 3.158258960031503100e+23
5.781348333637108681e+02 1.198925276155643135e-02 1.013732337808907524e+24
5.783378333637117521e+02 1.264463646905888972e-02 3.158479684420229797e+23
5.785348333637116411e+02 1.289771673434769554e-02 2.863264232334228141e+23
5.787328333637109381e+02 1.286818074404777815e-02 3.478636030276452189e+23
5.789358333637118221e+02 1.246565518170845988e-02 9.978318622664616648e+23
5.791338333637110054e+02 1.304263232442916254e-02 1.384394499958219823e+24
5.793368333637118894e+02 1.349273556501550883e-02 9.870704997921922367e+23
5.795338333637118922e+02 1.307677331155389713e-02 1.938606814940146243e+24
5.797378333637119567e+02 1.291962696957850085e-02 1.008485256822564000e+24
5.799348333637119595e+02 1.275752085306357426e-02 1.934034336449326383e+24
5.801378333637110245e+02 1.256926221794454727e-02 1.390795187368658630e+24
5.803358333637103215e+02 1.279991126662165940e-02 1.020811173748297632e+24
5.805328333637103242e+02 1.253386685239663532e-02 1.036305514272560165e+24
5.807368333637103888e+02 1.257424032667788134e-02 1.025941020130349427e+24
5.809338333637103915e+02 1.234101979915966200e-02 2.860838890575343502e+23
5.811368333637112755e+02 1.253495263880454250e-02 1.018952346141841691e+24
5.813348333637104588e+02 1.256814497041648486e-02 3.676995527183224516e+23
5.815378333637113428e+02 1.236052367995962332e-02 1.019013705963982364e+24
5.817358333637106398e+02 1.252370603565267776e-02 3.321161370666526069e+23
5.819338333637116421e+02 1.248791902399060648e-02 4.001135477032399384e+23
5.821368333637107071e+02 1.240567415300514523e-02 3.866265789681728037e+23
5.823348333637117094e+02 1.214053766746809628e-02 3.478636030276451518e+23
5.825368333637115938e+02 1.254095781152600453e-02 1.408546682734782265e+24
5.827358333637117767e+02 1.221534304203758699e-02 1.414877374823746754e+24
5.829328333637117794e+02 1.211854768177130816e-02 9.996048968857105539e+23
5.831368333637119576e+02 1.257823519435537218e-02 9.942273903565154822e+23
5.833338333637119604e+02 1.237584071670814675e-02 1.389496414902448514e+24
5.835378333637102060e+02 1.222218572410804435e-02 1.390805173225478529e+24
5.837348333637102087e+02 1.219652787930830366e-02 1.927571380953231064e+24
5.839328333637113246e+02 1.241558949830988239e-02 4.132108436256424869e+23
5.841358333637103897e+02 1.309827358538222936e-02 1.381808809697807631e+24
5.843338333637113919e+02 1.249984738843738612e-02 2.799001211104574361e+23
5.845368333637104570e+02 1.228102106439347974e-02 1.001367857517987073e+24
5.847348333637114592e+02 1.247824349733436117e-02 3.041776852828990053e+23
5.849328333637107562e+02 1.225511191648669292e-02 9.924587699877591762e+23
5.851358333637115265e+02 1.229491942595967342e-02 1.022415299388645120e+24
5.853348333637118230e+02 1.214288270306715378e-02 1.015429741007712796e+24
5.855368333637115938e+02 1.218929550567870307e-02 1.025873358520797664e+24
5.857358333637118903e+02 1.268217946348367507e-02 2.600428539802205165e+23
5.859328333637118931e+02 1.250450235872661332e-02 2.861566993321675079e+23
5.861368333637102523e+02 1.214909992767987217e-02 9.906729184501734226e+23
5.863338333637102551e+02 1.222139584499702843e-02 1.037959339779271743e+24
5.865378333637103196e+02 1.237861288740545358e-02 1.010205224741429265e+24
5.867358333637114356e+02 1.238086719907961417e-02 1.008437055501340621e+24
5.869338333637106189e+02 1.233776680046847624e-02 1.003100002335398937e+24
5.871368333637115029e+02 1.242485330937414915e-02 1.024179676914669672e+24
5.873348333637106862e+02 1.194163566420756994e-02 1.015429741007712930e+24
5.875328333637118021e+02 1.240615639356222079e-02 2.734751633008857197e+23
5.877368333637118667e+02 1.222695889612641744e-02 2.799250263560033151e+23
5.879338333637118694e+02 1.209050700774690242e-02 2.862779138856400087e+23
5.881378333637119340e+02 1.236150435878021099e-02 2.669215997605085257e+23
5.883358333637112310e+02 1.201701329650247882e-02 1.018972790952908883e+24
5.885338333637104142e+02 1.237059841849727157e-02 1.037999480261823462e+24
5.887368333637112983e+02 1.207886280747449102e-02 3.477837445676732326e+23
5.889348333637105952e+02 1.260251742823025045e-02 1.011970304545321151e+24
5.891328333637115975e+02 1.249431286442331986e-02 2.670257440694930988e+23
5.893368333637116621e+02 1.276083510828845274e-02 2.669215997605085257e+23
5.895348333637109590e+02 1.278119165537930889e-02 4.176737791520312970e+23
5.897328333637119613e+02 1.221196524986518407e-02 1.032855515809630606e+24
5.899368333637103206e+02 1.222139149393206697e-02 1.024193263754093944e+24
5.901338333637103233e+02 1.210051933732473467e-02 1.380521703452455240e+24
5.903378333637103879e+02 1.253701759414191028e-02 1.034555104573547774e+24
5.905358333637113901e+02 1.288294678770052215e-02 1.022490034338422845e+24
5.907338333637106871e+02 1.298841321022952203e-02 1.937693179636198186e+24
5.909368333637114574e+02 1.279670387289438653e-02 1.004919051522078927e+24
5.911358333637117539e+02 1.269957137549681571e-02 1.003189993468002325e+24
5.913338333637110509e+02 1.259799739156602753e-02 3.818918995893092037e+23
5.915368333637118212e+02 1.237336969178086735e-02 1.003134615264873517e+24
5.917358333637104124e+02 1.223977106367555613e-02 1.008464626293540871e+24
5.919338333637114147e+02 1.265121001530619682e-02 3.157379344651671380e+23
5.921368333637104797e+02 1.251785890782691583e-02 3.214486589731266479e+23
5.923348333637114820e+02 1.238772418601076161e-02 2.668435410953620643e+23
5.925338333637117785e+02 1.258350368298326305e-02 1.381813854736314498e+24
5.927368333637108435e+02 1.262713343914230457e-02 4.001135477032400726e+23
5.929348333637118458e+02 1.242799262266496702e-02 1.017199381891915796e+24
5.931338333637104370e+02 1.247943198922517490e-02 9.942832646619635542e+23
5.933368333637112073e+02 1.275992826634272936e-02 1.032855515809630741e+24
5.935348333637105043e+02 1.243093781407721664e-02 1.022462841742540633e+24
5.937338333637108008e+02 1.225805702549309824e-02 1.381788727513690627e+24
5.939368333637115711e+02 1.253888366631450250e-02 1.032842095446705966e+24
5.941358333637118676e+02 1.226719936094788042e-02 1.389526400258573678e+24
5.943338333637111646e+02 1.247794763436332020e-02 1.010212098732908419e+24
5.945368333637120486e+02 1.230844044019917954e-02 4.174741567597416179e+23
5.947358333637105261e+02 1.233013545878916019e-02 3.099669842589042281e+23
5.949338333637115284e+02 1.174110960629040287e-02 2.531417811868307119e+23
5.951368333637105934e+02 1.229380809146251620e-02 2.798009626914836143e+23
5.953358333637108899e+02 1.216811950376361917e-02 1.011949718260325949e+24
5.955338333637118922e+02 1.214537900557033194e-02 3.268259652376106558e+23
5.957378333637102514e+02 1.211898938444433763e-02 9.870704723112294665e+23
5.959368333637105479e+02 1.191677012307065103e-02 3.041777744598660693e+23
5.961348333637115502e+02 1.212935302739991290e-02 4.000961240413514142e+23
5.963328333637107335e+02 1.255040307556725201e-02 4.771783674676490545e+23
5.965368333637109117e+02 1.228907486707515873e-02 3.957157278590756528e+23
5.967348333637119140e+02 1.228932328321394839e-02 1.037992790289195614e+24
5.969338333637103915e+02 1.253973925567050500e-02 1.416123448707918833e+24
5.971368333637112755e+02 1.210162423550152286e-02 2.154038827864545168e+24
5.973348333637104588e+02 1.247080259573429308e-02 9.924867299869472944e+23
5.975338333637107553e+02 1.224895105658535197e-02 1.945904023186585382e+24
5.977378333637109336e+02 1.206470965004872130e-02 1.024200017379142008e+24
5.979358333637119358e+02 1.262217420085239364e-02 1.004932871775506225e+24
5.981348333637104133e+02 1.219895637990149606e-02 3.099669842589042281e+23
5.983338333637107098e+02 1.232108725037181496e-02 4.088689837244347465e+23
5.985368333637115938e+02 1.219170951468925498e-02 3.042918104080202701e+23
5.987358333637118903e+02 1.260678179909345206e-02 3.426948863416361634e+23
5.989338333637110736e+02 1.151704695916750364e-02 3.912331214685962628e+23
5.991368333637119576e+02 1.100607051870094999e-02 3.101237650532755801e+23
5.993358333637104352e+02 1.031338255744306681e-02 3.042462546519744074e+23
5.995348333637107316e+02 1.033347936036005561e-02 3.321997619293820625e+23
5.997328333637117339e+02 9.014148500148973925e-03 3.375498860840672559e+23
5.999368333637117985e+02 7.545519100158224260e-03 3.912862968175138460e+23
