4.573694330253221665e+02 -5.324053012642558473e-04 8.490747712565955988e-04
4.578704330253220292e+02 -2.744885865679652388e-04 8.484268454424632143e-04
4.583704330253208923e+02 -2.929924990693648845e-04 8.452004139350998996e-04
4.588694330253204612e+02 -1.848420181112855106e-03 8.133916546871976889e-04
4.593704330253220860e+02 4.060362842073465405e-04 8.538215912275717249e-04
4.598694330253216549e+02 1.461488783157086427e-03 8.698576535184040278e-04
4.603694330253205180e+02 7.814855988056851072e-04 8.561204921326421831e-04
4.608704330253221428e+02 -7.243681943680072314e-04 8.275662849467725147e-04
4.613754330253208309e+02 5.688718264536788034e-04 8.481056863613613403e-04
4.618754330253213993e+02 1.807957842129275829e-03 8.680845056353985465e-04
4.623754330253220246e+02 8.940669533051850103e-04 8.492485110546886236e-04
4.628764330253218873e+02 -6.966708036235515298e-04 8.189477069914574475e-04
4.633764330253206936e+02 9.490885130010201943e-04 8.470475109521513266e-04
4.638774330253205562e+02 7.496190667299484781e-04 8.439999052546891430e-04
4.643784330253204189e+02 -5.574527413806682841e-04 8.216003093337171910e-04
4.648784330253210442e+02 -4.715836923886339771e-04 8.226182385217807808e-04
4.653794330253209068e+02 9.465784993931373060e-04 8.488514566180856494e-04
4.658794330253215321e+02 -4.825113801876379114e-04 8.218520856630632089e-04
4.663804330253213948e+02 7.805441783679845395e-04 8.430970012293726237e-04
4.668754330253204330e+02 -4.887573564384445519e-04 8.186189045397186410e-04
4.673764330253220578e+02 6.202960990640981774e-04 8.408788247915018966e-04
4.678774330253219205e+02 -2.184556023338315425e-04 8.258962108579681388e-04
4.683784330253217831e+02 1.283404385028822606e-04 8.345212685921764555e-04
4.688804330253208832e+02 -6.730299559797167305e-04 8.173503970122758099e-04
4.693814330253207459e+02 5.087582132675340547e-04 8.367173579513093864e-04
4.698824330253206085e+02 1.194303999801225608e-03 8.465960677657888810e-04
4.703834330253204712e+02 -1.898000151042702707e-04 8.172414337487376827e-04
4.708844330253220960e+02 1.598782899265960668e-04 8.209270030548603426e-04
4.713804330253221906e+02 5.918979085178333808e-05 8.159004206875724967e-04
4.718814330253220533e+02 -6.835716973591156624e-04 7.968960781669315405e-04
4.723824330253219159e+02 -4.877032012641409082e-04 7.980876191346456287e-04
4.728844330253210160e+02 -4.751757232188394604e-04 7.956365360548863083e-04
4.733864330253219350e+02 -1.478877981520522163e-03 7.752111074994430919e-04
4.738874330253217977e+02 -4.294428648587836957e-04 7.934586876901261222e-04
4.743834330253218354e+02 -1.010995629026952914e-03 7.809379116890110628e-04
4.748854330253209355e+02 -2.024769149291728604e-04 7.935646191578231770e-04
4.753874330253217977e+02 -1.221761608387445918e-03 7.715916713823027994e-04
4.758884330253216604e+02 1.915868964105496217e-04 7.953153359284284097e-04
4.763864330253220487e+02 -1.116299600064756849e-03 7.679808907708173807e-04
4.768874330253219114e+02 -7.947070148830486435e-04 7.729709314887148229e-04
4.773894330253210114e+02 -1.971120634402972679e-03 7.482019443244876259e-04
4.778914330253218736e+02 -1.524038526275385596e-03 7.535184413511824934e-04
4.783884330253212056e+02 -1.789414108804191590e-03 7.470837668285536205e-04
4.788904330253220678e+02 -1.518816375367363801e-03 7.479487677222545995e-04
4.793924330253212247e+02 -2.164036592765825832e-03 7.321923300541474233e-04
4.798894330253204998e+02 -1.334305073442277039e-03 7.448159919558281503e-04
4.803914330253213620e+02 -7.704209908838257964e-04 7.504705737535710642e-04
4.808934330253205189e+02 -1.684118482245947025e-03 7.296277350951889829e-04
4.813914330253208504e+02 -1.657430144013036840e-03 7.275238479846652274e-04
4.818934330253217126e+02 -1.685737813879645622e-03 7.233015856380888920e-04
4.823954330253208127e+02 -2.485657961535860539e-03 7.044476690745742542e-04
4.828924330253219068e+02 -2.351600952746443502e-03 7.037267163070615216e-04
4.833954330253220633e+02 -2.511168655280612144e-03 6.976187807588925434e-04
4.838934330253206326e+02 -2.463001187953524958e-03 6.966990082381608641e-04
4.843954330253214948e+02 -2.794450135557441546e-03 6.899600750065304879e-04
4.848974330253206517e+02 -1.919447412291400796e-03 7.080094378704616812e-04
4.853964330253219828e+02 -2.264090549719308121e-03 7.031156290749985063e-04
4.858984330253210828e+02 -1.704080902431878968e-03 7.158857230371485801e-04
4.863964330253214143e+02 -2.768133803282219699e-03 6.947299483673815288e-04
4.868984330253205144e+02 -1.791722817894285868e-03 7.147495274695250724e-04
4.873974330253219023e+02 -2.147595598465240011e-03 7.062262418268089141e-04
4.879004330253220587e+02 -2.128580899151700286e-03 7.052005642640518353e-04
4.883984330253206281e+02 -2.192636714830076619e-03 7.027641505086023622e-04
4.889014330253207277e+02 -2.292847433015370289e-03 6.996234418595913621e-04
4.893984330253218218e+02 -2.547646497023233966e-03 6.943505717132655332e-04
4.899014330253219782e+02 -1.997245399048101777e-03 7.060987586995242683e-04
4.903994330253204907e+02 -2.204620233064169977e-03 7.028547665038364662e-04
4.909034330253217036e+02 -2.166941293501526821e-03 7.037648895074525646e-04
4.914014330253220351e+02 -2.200520033108732849e-03 7.043022188456919686e-04
4.919044330253221915e+02 -1.728810255784188864e-03 7.139792885831697331e-04
4.924034330253217604e+02 -9.961295831074732255e-04 7.263979194126715840e-04
4.929014330253220919e+02 -1.368338272024325133e-03 7.157188961916092660e-04
4.934044330253204294e+02 -1.060702971978743758e-03 7.107019617459452501e-04
4.939034330253218172e+02 -9.006859714534045085e-04 7.075975752746809953e-04
4.944074330253212111e+02 -1.095609457001544672e-03 6.972593629953132647e-04
4.949064330253207800e+02 -1.247344269897708840e-03 6.905221304211012733e-04
4.954044330253211115e+02 -2.278310692886390595e-03 6.703026731334280194e-04
4.959084330253205053e+02 -2.741874351333098946e-03 6.619747720966630408e-04
4.964074330253218932e+02 -2.370016033843267561e-03 6.696278571974976666e-04
4.969054330253204057e+02 -2.244472807857346083e-03 6.719627501716655786e-04
4.974104330253208559e+02 -2.341961805143254194e-03 6.691696050498887206e-04
4.979084330253211874e+02 -2.530976653884087386e-03 6.640132497789634361e-04
4.984074330253207563e+02 -2.032477410902342515e-03 6.718671193706415553e-04
4.989114330253219123e+02 -2.399688158201363549e-03 6.633573069659804648e-04
4.994104330253214812e+02 -1.653041433101812719e-03 6.759709916269916958e-04
4.999104330253221065e+02 -2.712055077022226379e-03 6.529587511780708415e-04
5.004084330253206758e+02 -2.728631822793447115e-03 6.500497599225568300e-04
5.009124330253218318e+02 -2.296289126619316130e-03 6.569850247672445829e-04
5.014124330253206949e+02 -1.948466404158176587e-03 6.626662431531448773e-04
5.019114330253220260e+02 -1.228898723235162483e-03 6.765353999857300028e-04
5.024114330253208891e+02 -2.015324613704995438e-03 6.611972821060939972e-04
5.029154330253220451e+02 -2.025986612134485915e-03 6.613134482807752007e-04
5.034154330253209082e+02 -2.438431013740284536e-03 6.531596419598740925e-04
5.039144330253204771e+02 -1.933370672951766804e-03 6.633095390182610707e-04
5.044134330253218081e+02 -2.485163187605827877e-03 6.488098600053255000e-04
5.049134330253206713e+02 -2.173818049113621694e-03 6.537810106979821938e-04
5.054184330253210646e+02 -1.685476431744770782e-03 6.613449437689130793e-04
5.059174330253206335e+02 -1.129482728715961717e-03 6.710713782959841370e-04
5.064184330253204962e+02 -1.294007525596623746e-03 6.684805957262435596e-04
5.069174330253218841e+02 -1.964575272025999905e-03 6.565847557922371586e-04
5.074174330253207472e+02 -2.009594979744786132e-03 6.563648198200912548e-04
5.079174330253213157e+02 -1.776646232240810131e-03 6.629271927021693298e-04
5.084174330253219409e+02 -2.077474480345533041e-03 6.574969134583265925e-04
5.089174330253207472e+02 -1.735724113239502315e-03 6.639341073415493078e-04
5.094174330253213725e+02 -2.288901923645998097e-03 6.509056781594345495e-04
5.099224330253218227e+02 -1.476408913326548956e-03 6.639923382471672221e-04
5.104224330253206290e+02 -1.346989889411543372e-03 6.644594580503508522e-04
5.109234330253204917e+02 -1.625757853632645283e-03 6.539772406546419696e-04
5.114234330253211169e+02 -2.696055217190079008e-03 6.290518328583035281e-04
5.119234330253217422e+02 -2.462246099313950692e-03 6.321361472886366300e-04
5.124234330253206053e+02 -2.541577706603110817e-03 6.282335674570249055e-04
5.129244330253204680e+02 -2.373332746039174147e-03 6.296301495124367745e-04
5.134254330253220360e+02 -2.538689694041956508e-03 6.251660708070604349e-04
5.139254330253208991e+02 -2.186968554461478972e-03 6.317658992331704089e-04
5.144264330253207618e+02 -2.816039524519093739e-03 6.178017924998597523e-04
5.149264330253213302e+02 -3.042007292370554200e-03 6.126202021376360831e-04
5.154274330253211929e+02 -2.270091723555340332e-03 6.285125293768034768e-04
5.159274330253218750e+02 -2.094830019581924840e-03 6.305583828558694332e-04
5.164284330253217377e+02 -3.095969034203570162e-03 6.077210780301442808e-04
5.169294330253216003e+02 -1.999984367928883764e-03 6.296641086625565402e-04
5.174254330253215812e+02 -2.443992862527758717e-03 6.200657601615828162e-04
5.179264330253214439e+02 -2.706430947329988880e-03 6.139211412296634003e-04
5.184274330253213066e+02 -3.383211397802632098e-03 5.990310945823932188e-04
5.189284330253211692e+02 -3.092965915628911704e-03 5.850093057408567269e-04
5.194294330253210319e+02 -3.158715913178741265e-03 5.528864660662494417e-04
5.199304330253208946e+02 -3.067459502674776180e-03 4.774010955522198013e-04
5.201304330253204853e+02 -2.899537352697736242e-03 4.554742318113357349e-04
5.203314330253210755e+02 -3.001274596869918463e-03 4.321943945185012037e-04
5.205314330253205526e+02 -2.651372675514155394e-03 4.100617106340480561e-04
5.207274330253212611e+02 -2.749255710301639483e-03 3.851646994414108368e-04
5.209284330253218513e+02 -2.335082250031172025e-03 3.689040751359574911e-04
5.211284330253214421e+02 -2.322490246147329053e-03 3.483327339503657864e-04
5.213294330253220323e+02 -2.200725670650029164e-03 3.377597851560910523e-04
5.215294330253215094e+02 -2.373578381954163496e-03 3.359245018347012130e-04
5.217304330253220996e+02 -2.507145959965267554e-03 3.345082541966258420e-04
5.219304330253215767e+02 -2.179587687798443391e-03 3.381954460848970588e-04
5.221314330253221669e+02 -2.455747431325419269e-03 3.348168533306288561e-04
5.223314330253217577e+02 -2.689101928517706030e-03 3.318703513221994738e-04
5.225324330253205289e+02 -2.730477929736517193e-03 3.314976213505517271e-04
5.227274330253219432e+02 -2.417499612494930679e-03 3.348060032288038813e-04
5.229284330253208282e+02 -2.478807504972315671e-03 3.339918948098226001e-04
5.231284330253221242e+02 -2.754814303547815316e-03 3.311610493377956858e-04
5.233294330253208955e+02 -2.510813717865538475e-03 3.343560768019467554e-04
5.235294330253221915e+02 -2.438484643918714667e-03 3.356283428724610336e-04
5.237314330253219623e+02 -2.348502750627897220e-03 3.370686563765316781e-04
5.239314330253215530e+02 -2.448226614693732074e-03 3.352777451416525723e-04
5.241324330253221433e+02 -2.559467582983355333e-03 3.340805106913226179e-04
5.243274330253218523e+02 -2.468722263531804469e-03 3.356792389311733177e-04
5.245284330253206235e+02 -2.384757513370383032e-03 3.366514737464917830e-04
5.247284330253219196e+02 -2.539149818257557291e-03 3.349234872449843685e-04
5.249294330253206908e+02 -2.620893959860877854e-03 3.341103129684914390e-04
5.251294330253219869e+02 -2.450501898731696163e-03 3.357328300121722640e-04
5.253304330253207581e+02 -2.403532496698853379e-03 3.360839678982625021e-04
5.255314330253213484e+02 -2.564019785620877227e-03 3.341135259407212901e-04
5.257324330253219387e+02 -2.727909481970036080e-03 3.319665529242547212e-04
5.259284330253208282e+02 -2.779095359801708048e-03 3.311291146697043354e-04
5.261284330253204189e+02 -2.560231531483762868e-03 3.333411969806472533e-04
5.263294330253210092e+02 -2.453928200065395859e-03 3.340703466177912776e-04
5.265294330253204862e+02 -2.174932871069832230e-03 3.370914998873153273e-04
5.267314330253220760e+02 -2.300515687914151362e-03 3.349747987987404594e-04
5.269314330253216667e+02 -2.869037707932110999e-03 3.277409217449524215e-04
5.271324330253204380e+02 -2.618146608361421584e-03 3.303358295436941675e-04
5.273274330253219659e+02 -2.463696273520612438e-03 3.318311269905474602e-04
5.275284330253207372e+02 -2.825320991148994564e-03 3.272475280322283673e-04
5.277294330253212138e+02 -2.719789131356957230e-03 3.282242628076042991e-04
5.279304330253218041e+02 -2.825327202821714592e-03 3.264646909081831468e-04
5.281314330253205753e+02 -2.781625737776075285e-03 3.268957320937228902e-04
5.283314330253219850e+02 -2.516593533543058387e-03 3.297491160628055287e-04
5.285274330253208745e+02 -2.604105849447258415e-03 3.285083460038956530e-04
5.287284330253214648e+02 -2.796975746319758753e-03 3.261253227096444604e-04
5.289294330253220551e+02 -2.856648768244115285e-03 3.251182586382234140e-04
5.291304330253208263e+02 -2.816428602454017823e-03 3.253696017300284292e-04
5.293304330253221224e+02 -2.925296065824759244e-03 3.238271886397304112e-04
5.295324330253218932e+02 -2.769128791322856675e-03 3.253462020250113694e-04
5.297274330253217158e+02 -2.979039452185569536e-03 3.226540550955905970e-04
5.299284330253204871e+02 -2.796502054990906982e-03 3.246680995024189614e-04
5.300284330253219878e+02 -2.524606931648515264e-03 3.277218321204177658e-04
5.301294330253209637e+02 -2.808983246036186356e-03 3.241651576985358271e-04
5.302294330253207590e+02 -3.043097777298605939e-03 3.212924116992298693e-04
5.303294330253205544e+02 -2.863157926892043008e-03 3.232865652263287350e-04
5.304304330253213493e+02 -2.868564185975374953e-03 3.229970810594753731e-04
5.305314330253221442e+02 -2.792368428976225569e-03 3.238244019126818008e-04
5.306314330253219396e+02 -2.955463544157284090e-03 3.216686676134338256e-04
5.307324330253209155e+02 -2.827675626300305434e-03 3.229039492811860285e-04
5.308324330253207108e+02 -2.871821100345236990e-03 3.222305728637400160e-04
5.309274330253206244e+02 -3.128794044548462855e-03 3.190634029460445503e-04
5.310284330253214193e+02 -3.456051063138095361e-03 3.149384067699129586e-04
5.311284330253212147e+02 -3.349290433351442397e-03 3.160466842139312833e-04
5.312294330253220096e+02 -3.234589429903051913e-03 3.171614781082820176e-04
5.313294330253218050e+02 -3.177136675951200070e-03 3.174529465679217779e-04
5.314304330253207809e+02 -3.016035343972618427e-03 3.190597423357200303e-04
5.315304330253205762e+02 -2.839985971450908597e-03 3.206989793209244423e-04
5.316304330253220769e+02 -2.536036655438462378e-03 3.241017372741511601e-04
5.317314330253211665e+02 -2.730492326214672624e-03 3.216974971831173960e-04
5.318324330253219614e+02 -2.710581920583178366e-03 3.215630022949400872e-04
5.319324330253216431e+02 -2.945576906224279742e-03 3.185967707524289859e-04
5.320284330253208509e+02 -3.175135667689961850e-03 3.155156082978897514e-04
5.321284330253206463e+02 -3.096436132888059217e-03 3.162027356498967588e-04
5.322284330253221469e+02 -3.039313638388454596e-03 3.166426960680523810e-04
5.323294330253212365e+02 -3.123207367759364868e-03 3.153425789854907672e-04
5.324304330253220314e+02 -2.751837581971712174e-03 3.194607735591476535e-04
5.325304330253218268e+02 -3.315147580058830021e-03 3.124702981080769285e-04
5.326304330253215085e+02 -2.865734151266943405e-03 3.177068670713135219e-04
5.327314330253205981e+02 -2.764196486895456259e-03 3.186016913649939624e-04
5.328314330253220987e+02 -2.639631779680672377e-03 3.199635779768467071e-04
5.329314330253218941e+02 -2.467080132317872772e-03 3.218618108577857555e-04
5.330274330253211019e+02 -2.463195704542626117e-03 3.219521503233639692e-04
5.331284330253218968e+02 -2.094076576585768550e-03 3.261794108675332557e-04
5.332284330253216922e+02 -1.900868985121061333e-03 3.284924164949460062e-04
5.333294330253206681e+02 -1.264751824599383507e-03 3.357011320750721687e-04
5.334294330253204635e+02 -4.193895248106297878e-04 3.451094884440373514e-04
5.335294330253219641e+02 7.100031570950013533e-04 3.571605905298506889e-04
5.336304330253209400e+02 2.047524193713440039e-03 3.709670453919176425e-04
5.337304330253207354e+02 3.415173569031238008e-03 3.846286376739781058e-04
5.338314330253215303e+02 5.549318618160351164e-03 4.050484954652485022e-04
5.339324330253205062e+02 8.049604805076330388e-03 4.277497068188488389e-04
5.340274330253205335e+02 1.057139923544772424e-02 4.493878080678401113e-04
5.341274330253220342e+02 1.443123549144383587e-02 4.811788813338832268e-04
5.342284330253211238e+02 1.814424447443335406e-02 5.097538613714274695e-04
5.343294330253219186e+02 2.230449278432076327e-02 5.399436780119719554e-04
5.344294330253216003e+02 2.635799593009799033e-02 5.680440248528524942e-04
5.345304330253206899e+02 2.914756793789433781e-02 5.862540048912351235e-04
5.346304330253203716e+02 3.259581952829452428e-02 6.083316300267297208e-04
5.347314330253211665e+02 3.553285693293550124e-02 6.266471837096493054e-04
5.348324330253219614e+02 3.678601116605367122e-02 6.343922338198054300e-04
5.349324330253217568e+02 3.696321327314822103e-02 6.357222370446471722e-04
5.350274330253217840e+02 3.767998626253495770e-02 6.402503737726331556e-04
5.351284330253207600e+02 3.679813803244124520e-02 6.349293715173891239e-04
5.352284330253205553e+02 3.686259997506311642e-02 6.355783844405414997e-04
5.353294330253213502e+02 3.664898213115544423e-02 6.344472535707616160e-04
5.354304330253221451e+02 3.661182099222194675e-02 6.346797910778581402e-04
5.355304330253218268e+02 3.754763557378792971e-02 6.406082617707491503e-04
5.356314330253209164e+02 3.998274122149923088e-02 6.556755283928022635e-04
5.357314330253207117e+02 4.264445691888634621e-02 6.714852891252699350e-04
5.358314330253203934e+02 4.650904307779079455e-02 6.938008042174804296e-04
5.359274330253214202e+02 5.118230878468010836e-02 7.197285794434549059e-04
5.360284330253203962e+02 5.644980756997999838e-02 7.480189528615707132e-04
5.361284330253220105e+02 6.256353514833395968e-02 7.796087086235305077e-04
5.362294330253209864e+02 6.791110642458254854e-02 8.064552518207749286e-04
5.363294330253207818e+02 7.357535533529083183e-02 8.334566940483766019e-04
5.364304330253215767e+02 7.845056969837579941e-02 8.564979481820152261e-04
5.365314330253205526e+02 8.436199601246839597e-02 8.835101439069645811e-04
5.366314330253221669e+02 8.677369382460722869e-02 8.944120114711784190e-04
5.367314330253218486e+02 9.035414174666075993e-02 9.105494094789829199e-04
5.368274330253210564e+02 9.316603859660105291e-02 9.231571246335910702e-04
5.369284330253218513e+02 9.415114126823484475e-02 9.274936365115588922e-04
5.370294330253209409e+02 9.605206900201006259e-02 9.359945389228032991e-04
5.371294330253206226e+02 9.684903574683260963e-02 9.394161651436177402e-04
5.372294330253204180e+02 9.749784225419552697e-02 9.423561553041625303e-04
5.373304330253212129e+02 9.952075927958699275e-02 9.515846389754014549e-04
5.374314330253220078e+02 9.983033017918267749e-02 9.530394133908385223e-04
5.375314330253218031e+02 9.995738624015522433e-02 9.538485350274595979e-04
5.376324330253207791e+02 1.012757916402327457e-01 9.597541499341502190e-04
5.377274330253208063e+02 1.017777431073545319e-01 9.615945869070756423e-04
5.378284330253216012e+02 1.012377998517774158e-01 9.594948085898432743e-04
5.379294330253205771e+02 1.002603744784916207e-01 9.556655329709244119e-04
5.380294330253220778e+02 9.989938422854703626e-02 9.541294860453961631e-04
5.381294330253218732e+02 1.000298562621933784e-01 9.544886952691417114e-04
5.382314330253219623e+02 1.000710748719847998e-01 9.549530438852030104e-04
5.383314330253217577e+02 1.000106679917023844e-01 9.546164394650918494e-04
5.384324330253207336e+02 9.872431280500662543e-02 9.492531199569819019e-04
5.385274330253206472e+02 9.783586228462611001e-02 9.456000288513149998e-04
5.386274330253204425e+02 9.694783820155550291e-02 9.422829804403154300e-04
5.387294330253205317e+02 9.727055123501474054e-02 9.430183655983027198e-04
5.388294330253220323e+02 9.540956407065677436e-02 9.356592671840814265e-04
5.389294330253218277e+02 9.587983492739789171e-02 9.378911114913030022e-04
5.390304330253208036e+02 9.493460128507531792e-02 9.339325954694419323e-04
5.391304330253205990e+02 9.492508714054574692e-02 9.344314749217883095e-04
5.392324330253206881e+02 9.503319816528735253e-02 9.344940786941279432e-04
5.393324330253221888e+02 9.460911590351323008e-02 9.320742513592649662e-04
5.394274330253221024e+02 9.280671250245306481e-02 9.239479652883098373e-04
5.395284330253211920e+02 9.228054396886722910e-02 9.205921487922572944e-04
5.396294330253219869e+02 9.229283850108212228e-02 9.201177699221754118e-04
5.397294330253216685e+02 9.282048508894906458e-02 9.218641163355550082e-04
5.399304330253205535e+02 9.153714871277428278e-02 9.140654991587064855e-04
5.401324330253221433e+02 9.122890433228567075e-02 9.116616556769776896e-04
5.403284330253210328e+02 9.041062113215192486e-02 9.072717086002867045e-04
5.405304330253209173e+02 8.947171283854665758e-02 9.022465637679811861e-04
5.407314330253213939e+02 8.804237409883690357e-02 8.940298917020997067e-04
5.409274330253203971e+02 8.611060697556560672e-02 8.827502521803405914e-04
5.411294330253219869e+02 8.403648485324775874e-02 8.710649874223380749e-04
5.413304330253207581e+02 8.350944372252382120e-02 8.670896942292970200e-04
5.415314330253213484e+02 8.175553607702300274e-02 8.598247366933296299e-04
5.417274330253221706e+02 7.778688448328810456e-02 8.412500214454605172e-04
5.419294330253219414e+02 7.604232631246231333e-02 8.317715161524418888e-04
5.421304330253207127e+02 7.369242715032021940e-02 8.200921341277451733e-04
5.423324330253204835e+02 7.009191556764797493e-02 8.020770625422983784e-04
5.425274330253220114e+02 6.755530295004874564e-02 7.890528877822377456e-04
5.427294330253218959e+02 6.488036056099173721e-02 7.763192846458764548e-04
5.429304330253206672e+02 6.229532869946726586e-02 7.631626090269521970e-04
5.431324330253204380e+02 6.015336121314655143e-02 7.519179435567566573e-04
5.433284330253211465e+02 5.681872380811243267e-02 7.345722665106684196e-04
5.435294330253217367e+02 5.402763817641461491e-02 7.198410578757849293e-04
5.437314330253216212e+02 5.243931810061072674e-02 7.115177711754433259e-04
5.439274330253205108e+02 4.943316006900459747e-02 6.953521163048434614e-04
5.441294330253221005e+02 4.781365049652474414e-02 6.862950694561199610e-04
5.443304330253208718e+02 4.575689545852908158e-02 6.751511775637870525e-04
5.445324330253207563e+02 4.363514382759164228e-02 6.636751081396247143e-04
5.447284330253214648e+02 4.165754437375680796e-02 6.528114118133973966e-04
5.449294330253220551e+02 4.086202903137870629e-02 6.485428766914587938e-04
5.451314330253218259e+02 3.874186200444543898e-02 6.364048562112165379e-04
5.453284330253218286e+02 3.780487774130251305e-02 6.312189217440303994e-04
5.455294330253205999e+02 3.736609093400406617e-02 6.289789025023029062e-04
5.457314330253204844e+02 3.587315547315843983e-02 6.203110370754782305e-04
5.459324330253209610e+02 3.490172763330973149e-02 6.149263125088561552e-04
5.461284330253217831e+02 3.420614097693411987e-02 6.111279566937717752e-04
5.463304330253215539e+02 3.493191166707572404e-02 6.159316945032207837e-04
5.465314330253221442e+02 3.396666057785827780e-02 6.104042910987277429e-04
5.467284330253221469e+02 3.340259957252081358e-02 6.071574821191313889e-04
5.469304330253219177e+02 3.245787422631768449e-02 6.017292023626817990e-04
5.471314330253208027e+02 3.273711427766303611e-02 6.040925715917665152e-04
5.473284330253206917e+02 3.278765024723621913e-02 6.050965875091620424e-04
5.475294330253212820e+02 3.249001880256989494e-02 6.036923000857775902e-04
5.477304330253218723e+02 3.276457255732007079e-02 6.054434538057385353e-04
5.479274330253218750e+02 3.336129200236261083e-02 6.089352247456710854e-04
5.481284330253206463e+02 3.309099067371672198e-02 6.070932672359462181e-04
5.483304330253204171e+02 3.218613020871904928e-02 6.010249933537450961e-04
5.485324330253220069e+02 3.205810072328501431e-02 5.998999575292210439e-04
5.487294330253221233e+02 3.273419254780468579e-02 6.037263946629248040e-04
5.489304330253208946e+02 3.265063609262232325e-02 6.027731241729689148e-04
5.491324330253206654e+02 3.323162540855521124e-02 6.056216860681319734e-04
5.493294330253206681e+02 3.295115436374679990e-02 6.029787390851593923e-04
5.495304330253212584e+02 3.265279349447287871e-02 6.007647844997014708e-04
5.497314330253218486e+02 3.290246635953816140e-02 6.024128232645943864e-04
5.499284330253217377e+02 3.266658893509433864e-02 6.007507300451610894e-04
5.501304330253216222e+02 3.324140888597409277e-02 6.045710578166746613e-04
5.503314330253222124e+02 3.307432311707842604e-02 6.028598614901825451e-04
5.505284330253222151e+02 3.284088809468974773e-02 6.009492170613676141e-04
5.507304330253219860e+02 3.289679399494530726e-02 6.017233275868766502e-04
5.509314330253207572e+02 3.308567982124994977e-02 6.024838352788127079e-04
5.511284330253207600e+02 3.340715272460417079e-02 6.040743040660566388e-04
5.513304330253206444e+02 3.342498295190760721e-02 6.043314952954893533e-04
5.515324330253222342e+02 3.436451994318338865e-02 6.093492152924576046e-04
5.517294330253221233e+02 3.447891409846330635e-02 6.097667781763589385e-04
5.519304330253210082e+02 3.463445919454239547e-02 6.108473092838570713e-04
5.521324330253207791e+02 3.345218599068712495e-02 6.030413735883119941e-04
5.523294330253207818e+02 3.442218331999423453e-02 6.090203695712142823e-04
5.525314330253205526e+02 3.384759861497816519e-02 6.055618450309422588e-04
5.527274330253213748e+02 3.462544502609140457e-02 6.103253825077114810e-04
5.529294330253211456e+02 3.564183816895633017e-02 6.170869955663760634e-04
5.531304330253217358e+02 3.582358795594988571e-02 6.182989890159198152e-04
5.533274330253217386e+02 3.708155113324243524e-02 6.259480982568302754e-04
5.535294330253215094e+02 3.577681182129575921e-02 6.183075298426380945e-04
5.537314330253213939e+02 3.637323644869022016e-02 6.221310206688705291e-04
5.539274330253221024e+02 3.645565157174594090e-02 6.228499202947280914e-04
5.541294330253218732e+02 3.742558045837944547e-02 6.282711619333260309e-04
5.543314330253217577e+02 3.760210757836020268e-02 6.293558878962869380e-04
5.545284330253217604e+02 3.822703569949065239e-02 6.339697623362351145e-04
5.547304330253215312e+02 3.886555261248671178e-02 6.380974420990568122e-04
5.549324330253214157e+02 3.896704667173872538e-02 6.387673723317469684e-04
5.551284330253221242e+02 3.889546647398624962e-02 6.385138343941528958e-04
5.553304330253218950e+02 3.993350763300763939e-02 6.439490677544616520e-04
5.555274330253218977e+02 4.018581992686928728e-02 6.458938689337702377e-04
5.557294330253217822e+02 4.085849805333358065e-02 6.506993078713861796e-04
5.559314330253215530e+02 4.031457523766532325e-02 6.476970689288230739e-04
5.561284330253215558e+02 4.077713867630515521e-02 6.510499078147835312e-04
5.563304330253213266e+02 4.159200405360212460e-02 6.563852916325136006e-04
5.565324330253212111e+02 4.214195107091472242e-02 6.592657794093683419e-04
5.567294330253212138e+02 4.213585500290848579e-02 6.597363782174904892e-04
5.569304330253216904e+02 4.319571406718182571e-02 6.666093280399145414e-04
5.571274330253218068e+02 4.235428884379651565e-02 6.624714068601405019e-04
5.573304330253208718e+02 4.369134817278261251e-02 6.711930167836895056e-04
5.575324330253206426e+02 4.406196720000011419e-02 6.741307674482710554e-04
5.577294330253206454e+02 4.365653597223507348e-02 6.724804017204121832e-04
5.579314330253204162e+02 4.308318273005320304e-02 6.701516990264546822e-04
5.581284330253204189e+02 4.335650467750387649e-02 6.723337654013820334e-04
5.583304330253220087e+02 4.385542519984375609e-02 6.757515582491525679e-04
5.585324330253218932e+02 4.407944788059641600e-02 6.780006310528794398e-04
5.587294330253218959e+02 4.532995578910146289e-02 6.859226492937068502e-04
5.589304330253206672e+02 4.418435226019830353e-02 6.798512470177528032e-04
5.591274330253206699e+02 4.458878991026722638e-02 6.823822363322516607e-04
5.593294330253204407e+02 4.452741610685653773e-02 6.817408895189981883e-04
5.595314330253220305e+02 4.458680472311761511e-02 6.818894580296806741e-04
5.597284330253220332e+02 4.576064852919747156e-02 6.884423907696487826e-04
5.599304330253219177e+02 4.519831199492463369e-02 6.846565618515979739e-04
5.601274330253218068e+02 4.465655050911535029e-02 6.809556274894007326e-04
5.603304330253208718e+02 4.528420992943199552e-02 6.837652152122473525e-04
5.605324330253207563e+02 4.562276557837947888e-02 6.846057179222857702e-04
5.607294330253207590e+02 4.533970684148826147e-02 6.823877546004722882e-04
5.609314330253205299e+02 4.452654203155798768e-02 6.770279484891581672e-04
5.611284330253205326e+02 4.568752321478838918e-02 6.828730889443492469e-04
5.613304330253221224e+02 4.571172022548700836e-02 6.827687402640163650e-04
5.615274330253221251e+02 4.552191082682151280e-02 6.815120514812908047e-04
5.617294330253220096e+02 4.486407596368793826e-02 6.774285922141677803e-04
5.619314330253217804e+02 4.406782252975399022e-02 6.727658548707698494e-04
5.621284330253217831e+02 4.471778675081646004e-02 6.765008290101088423e-04
5.623314330253208482e+02 4.419950391265248246e-02 6.736700472522979058e-04
5.625284330253208509e+02 4.513322416889890137e-02 6.793228265542180806e-04
5.627304330253206217e+02 4.496850810381440577e-02 6.786707775838291727e-04
5.629274330253206244e+02 4.448040191020709994e-02 6.761584959936751136e-04
5.631294330253205089e+02 4.358361567585183199e-02 6.715155820490362713e-04
5.633314330253220987e+02 4.374737212031451494e-02 6.727660686904752803e-04
5.635284330253221015e+02 4.339373008875226784e-02 6.708671843992732075e-04
5.637304330253218723e+02 4.305457139409993306e-02 6.690298928256254102e-04
5.639284330253211692e+02 4.274532522926161732e-02 6.673280023518024734e-04
5.641304330253209400e+02 4.311208946879391962e-02 6.699303144966301318e-04
5.643284330253219423e+02 4.386419909787755284e-02 6.748209335618856946e-04
5.645294330253207136e+02 4.283191208008905321e-02 6.690102759241817708e-04
5.647324330253215976e+02 4.249756011836245545e-02 6.672874408289985451e-04
5.649294330253216003e+02 4.223517865001030075e-02 6.659124110462488538e-04
5.651324330253206654e+02 4.251502264299372030e-02 6.675317397831341277e-04
5.653294330253206681e+02 4.247582785383267195e-02 6.674532564649758104e-04
5.655314330253204389e+02 4.188817324319060731e-02 6.640133328933110887e-04
5.657284330253205553e+02 4.226168120944217427e-02 6.660682584617141824e-04
5.659304330253221451e+02 4.200503303771544600e-02 6.643894952198532277e-04
5.661274330253220342e+02 4.139243103164777504e-02 6.604324036523324471e-04
5.663304330253210992e+02 4.043615416072610796e-02 6.543337563699627539e-04
5.665274330253212156e+02 4.115219129070251530e-02 6.584971910924338357e-04
5.667304330253219860e+02 4.065372412003468577e-02 6.554341651250913210e-04
5.669324330253218704e+02 4.022820986373144836e-02 6.530868751686818695e-04
5.671294330253217595e+02 4.070519836959207022e-02 6.564987172128469890e-04
5.673324330253208245e+02 4.049301326647234550e-02 6.550871683828626097e-04
5.675294330253209409e+02 3.990290041856693615e-02 6.517271667039468194e-04
5.677314330253207117e+02 3.980961955936120067e-02 6.524700045347004611e-04
5.679284330253207145e+02 3.964882670112251928e-02 6.520555239918696599e-04
5.681314330253214848e+02 3.910148102016109545e-02 6.491222790342513491e-04
5.683284330253216012e+02 3.870344919012506241e-02 6.471091417782957964e-04
5.685314330253206663e+02 3.907959662775649379e-02 6.487511389664178370e-04
5.687284330253205553e+02 3.953902675663506505e-02 6.517006176082003246e-04
5.689304330253204398e+02 3.913682958594318084e-02 6.497209053641998496e-04
5.691284330253214421e+02 3.883267431920753993e-02 6.472657485728918825e-04
5.693304330253213266e+02 3.849191720528370719e-02 6.448925421196997085e-04
5.695284330253205098e+02 3.920213265404467323e-02 6.485914105637460977e-04
5.697304330253220996e+02 3.898378179779107833e-02 6.463589038989878653e-04
5.699274330253221024e+02 3.858259060590431277e-02 6.433547308625649740e-04
5.701304330253211674e+02 3.878639543762701231e-02 6.444252323144323506e-04
5.703284330253204644e+02 3.762592430340960803e-02 6.368931136640750348e-04
5.705304330253220542e+02 3.651872648770833341e-02 6.296367251611842885e-04
5.707274330253220569e+02 3.752167417795120724e-02 6.350832447568226019e-04
5.709294330253218277e+02 3.736456780435564590e-02 6.336689097704330254e-04
5.711274330253211247e+02 3.764265159661765031e-02 6.348124406906228891e-04
5.713304330253218950e+02 3.734481112583522971e-02 6.326898392188236384e-04
5.715274330253218977e+02 3.657802986596912775e-02 6.278753694337949314e-04
5.717294330253217822e+02 3.745244660157028699e-02 6.333838710778376315e-04
5.719274330253209655e+02 3.750381139545887199e-02 6.333163134727798306e-04
5.721304330253218495e+02 3.739500958392742019e-02 6.326310777285018387e-04
5.723274330253218523e+02 3.700264066541841812e-02 6.303193894262099821e-04
5.725304330253209173e+02 3.713764683164692826e-02 6.313884401033921859e-04
5.727284330253219196e+02 3.718884807095375333e-02 6.319875129555601679e-04
5.729304330253218041e+02 3.638701988123683312e-02 6.274806794046591894e-04
5.731274330253218068e+02 3.645877969783938716e-02 6.281211316823098441e-04
5.733304330253208718e+02 3.611273669482886056e-02 6.264180599241341279e-04
5.735284330253218741e+02 3.580758522025346419e-02 6.247781853249802838e-04
5.737304330253216449e+02 3.583169645874092341e-02 6.249746777982636246e-04
5.739284330253209419e+02 3.627102929430710276e-02 6.278168385074304894e-04
5.741304330253207127e+02 3.587870728215714761e-02 6.255165457226228047e-04
5.743284330253218286e+02 3.547950088776275629e-02 6.229129641118599965e-04
5.745314330253208936e+02 3.476945241172520878e-02 6.180576259169604956e-04
5.747284330253207827e+02 3.464412653626443989e-02 6.172097900395519731e-04
5.749314330253216667e+02 3.456076087887469811e-02 6.166861613462194499e-04
5.751284330253216694e+02 3.499051078104924856e-02 6.187710671907471630e-04
5.753314330253207345e+02 3.566220935155037242e-02 6.221443033134012356e-04
5.755284330253207372e+02 3.401403433425718298e-02 6.109039841058402096e-04
5.757324330253208018e+02 3.457058090048143600e-02 6.129937463130222773e-04
5.759294330253208045e+02 3.416016669920469984e-02 6.093460132049367947e-04
5.761324330253216885e+02 3.374725419378630381e-02 6.061748606959920307e-04
5.763294330253216913e+02 3.417208609557714077e-02 6.077003930836585854e-04
5.765274330253209882e+02 3.391379101178538386e-02 6.041359753160736737e-04
5.767304330253217586e+02 3.326521477763108581e-02 5.981060512765204061e-04
5.769274330253217613e+02 3.425934625763746993e-02 6.019288183776803480e-04
