4.573694330253221665e+02 8.487056963330541839e-03 4.319799467898248826e-03
4.578704330253220292e+02 1.101291194510723923e-02 4.303625712290646763e-03
4.583704330253208923e+02 1.538869735027179574e-02 4.296732578420525174e-03
4.588694330253204612e+02 1.538737043522722496e-02 4.282515715390817525e-03
4.593704330253220860e+02 1.730104878746800343e-02 4.280831916732785736e-03
4.598694330253216549e+02 2.072551438337685847e-02 4.280250868091390638e-03
4.603694330253205180e+02 1.625416448594348140e-02 4.255988148919243735e-03
4.608704330253221428e+02 1.715290873843537678e-02 4.245802690000294657e-03
4.613754330253208309e+02 1.275217387588181185e-02 4.218693895769710933e-03
4.618754330253213993e+02 1.591347843042806645e-02 4.212800209139639686e-03
4.623754330253220246e+02 1.726987601342372738e-02 4.200221435072142885e-03
4.628764330253218873e+02 2.015909285698056982e-02 4.197480209809444952e-03
4.633764330253206936e+02 1.340454951863229507e-02 4.171413473470166403e-03
4.638774330253205562e+02 1.954790963456429567e-02 4.193242513484293950e-03
4.643784330253204189e+02 2.127723514443786643e-02 4.200201143988178780e-03
4.648784330253210442e+02 2.307063923918692763e-02 4.203200833710537924e-03
4.653794330253209068e+02 2.291174111466815974e-02 4.195426525544971620e-03
4.658794330253215321e+02 2.174160276998823513e-02 4.181922393862375249e-03
4.663804330253213948e+02 2.274920728551466445e-02 4.177151935750746461e-03
4.668754330253204330e+02 1.970228911485901943e-02 4.163666697948440257e-03
4.673764330253220578e+02 1.494214270457439563e-02 4.150487639684076122e-03
4.678774330253219205e+02 1.905773215051896619e-02 4.166557985255835671e-03
4.683784330253217831e+02 2.057601252231600411e-02 4.170501549713270632e-03
4.688804330253208832e+02 1.943188953901421254e-02 4.157160725078533695e-03
4.693814330253207459e+02 1.798184994108639745e-02 4.133068049175339306e-03
4.698824330253206085e+02 1.818908865681086867e-02 4.109939827017292276e-03
4.703834330253204712e+02 1.229731671584060465e-02 4.074027251305398396e-03
4.708844330253220960e+02 1.017062194433377038e-02 4.047966195238798283e-03
4.713804330253221906e+02 1.007828791769615692e-02 4.023616155089101976e-03
4.718814330253220533e+02 7.884975163876001975e-03 3.995448495876642234e-03
4.723824330253219159e+02 9.222757471441073510e-03 3.982099794357363103e-03
4.728844330253210160e+02 8.616412137992439033e-03 3.966509340921853255e-03
4.733864330253219350e+02 6.990452623087599175e-03 3.951099762206995887e-03
4.738874330253217977e+02 9.347857504416159230e-03 3.947801024434595754e-03
4.743834330253218354e+02 3.337662272257749686e-03 3.913375651676671146e-03
4.748854330253209355e+02 1.566042535785714968e-03 3.889927699387269074e-03
4.753874330253217977e+02 2.431867164482207685e-03 3.876223903539147402e-03
4.758884330253216604e+02 -3.342114259137056193e-03 3.843018151300866929e-03
4.763864330253220487e+02 -2.143102398921156661e-04 3.838392541755720946e-03
4.768874330253219114e+02 -2.577787060233243527e-03 3.815696934796364379e-03
4.773894330253210114e+02 -5.507679023960323009e-03 3.790263857838224813e-03
4.778914330253218736e+02 -1.247530825781896849e-02 3.749603015536168062e-03
4.783884330253212056e+02 -1.795236115351498893e-02 3.712451678980242115e-03
4.788904330253220678e+02 -1.898783259596452735e-02 3.690359702657728704e-03
4.793924330253212247e+02 -1.845574639962143867e-02 3.671440475663485803e-03
4.798894330253204998e+02 -1.895487241998993627e-02 3.644453867781724272e-03
4.803914330253213620e+02 -2.091562613233927115e-02 3.614870836500081071e-03
4.808934330253205189e+02 -2.547534360811868834e-02 3.577691272812683499e-03
4.813914330253208504e+02 -3.002897199898990621e-02 3.541106884621046148e-03
4.818934330253217126e+02 -2.886105846282246978e-02 3.524578653660647310e-03
4.823954330253208127e+02 -3.117998849595134819e-02 3.495809400514890680e-03
4.828924330253219068e+02 -2.918648988528235733e-02 3.481338254870589097e-03
4.833954330253220633e+02 -3.227034535594447417e-02 3.454387298259498865e-03
4.838934330253206326e+02 -2.908886962197357318e-02 3.455514935099177152e-03
4.843954330253214948e+02 -3.292213416315251107e-02 3.441096489442736599e-03
4.848974330253206517e+02 -3.652240779239145085e-02 3.433423110627938785e-03
4.853964330253219828e+02 -2.985151699753475427e-02 3.462131819931616762e-03
4.858984330253210828e+02 -2.712454646554373489e-02 3.473219503292658029e-03
4.863964330253214143e+02 -3.076924777947030037e-02 3.457475024539679535e-03
4.868984330253205144e+02 -2.716872455195405017e-02 3.460677139792203965e-03
4.873974330253219023e+02 -2.005967331277572555e-02 3.473029272261071634e-03
4.879004330253220587e+02 -2.348223098152977042e-02 3.450121606029447115e-03
4.883984330253206281e+02 -2.121023754560879757e-02 3.447208589953870694e-03
4.889014330253207277e+02 -1.897821370081165249e-02 3.448069685324487918e-03
4.893984330253218218e+02 -1.833270173857749416e-02 3.445712896688200768e-03
4.899014330253219782e+02 -1.735505226392220282e-02 3.447577460434988594e-03
4.903994330253204907e+02 -1.022122738364317739e-02 3.472582798823497467e-03
4.909034330253217036e+02 -8.801645626019321753e-03 3.477379079353647845e-03
4.914014330253220351e+02 -1.655497412888693939e-02 3.448072487564768016e-03
4.919044330253221915e+02 -5.859966614113331675e-03 3.480374309767835135e-03
4.924034330253217604e+02 -6.466279147924335231e-03 3.460234206734593386e-03
4.929014330253220919e+02 -5.894342043098821718e-04 3.446167987089500395e-03
4.934044330253204294e+02 -4.083096319279594551e-03 3.388887267038379406e-03
4.939034330253218172e+02 -1.563444131170114038e-03 3.355865148087566925e-03
4.944074330253212111e+02 -7.908126952363645976e-03 3.300903957206652913e-03
4.949064330253207800e+02 -1.479964297260134756e-03 3.314121091767851298e-03
4.954044330253211115e+02 -8.826596016118536114e-03 3.284148682602393201e-03
4.959084330253205053e+02 -7.866649850808956138e-03 3.285118073257843434e-03
4.964074330253218932e+02 -5.027961641145418069e-03 3.291608281091085424e-03
4.969054330253204057e+02 -2.325372782124134150e-03 3.294797879015408121e-03
4.974104330253208559e+02 -9.675055104802637168e-03 3.258794298778487381e-03
4.979084330253211874e+02 -7.680339483537138717e-03 3.254112562001511711e-03
4.984074330253207563e+02 -6.862926582504213363e-03 3.244276896718612489e-03
4.989114330253219123e+02 -5.782508604662397848e-03 3.234655586359374592e-03
4.994104330253214812e+02 -6.445868473275258824e-03 3.217110772514364565e-03
4.999104330253221065e+02 -7.167189115214938309e-03 3.199545226994894923e-03
5.004084330253206758e+02 -1.498185046041994144e-02 3.155463400343849929e-03
5.009124330253218318e+02 -1.267334000095532258e-02 3.150133095800335820e-03
5.014124330253206949e+02 -6.214614217027031144e-03 3.164641060756038377e-03
5.019114330253220260e+02 -8.953340254141939000e-03 3.150435018507056172e-03
5.024114330253208891e+02 -1.465056857428761496e-02 3.127147827732767137e-03
5.029154330253220451e+02 -1.174852713607379799e-02 3.135310471554642216e-03
5.034154330253209082e+02 -8.351968644359785560e-03 3.141320198958361468e-03
5.039144330253204771e+02 -8.425220792415821086e-03 3.130178925365784386e-03
5.044134330253218081e+02 -6.517141237749445731e-03 3.122646107335419821e-03
5.049134330253206713e+02 -1.680190475568447278e-03 3.125063698251525583e-03
5.054184330253210646e+02 1.707535106628184623e-03 3.124218750289149173e-03
5.059174330253206335e+02 -1.772469928745409829e-03 3.105099694704759484e-03
5.064184330253204962e+02 -2.872184115742466674e-03 3.098235500261210459e-03
5.069174330253218841e+02 -8.772400052756406524e-04 3.106982143765423064e-03
5.074174330253207472e+02 -1.152543167053493882e-03 3.109380415822143341e-03
5.079174330253213157e+02 -3.505303952938647240e-03 3.100649080314935718e-03
5.084174330253219409e+02 -4.167512039569603623e-03 3.093068070389578747e-03
5.089174330253207472e+02 -3.192075278893492015e-03 3.085991877226156033e-03
5.094174330253213725e+02 -1.571381778309140827e-03 3.076524291629731834e-03
5.099224330253218227e+02 -3.334434629281918510e-03 3.050172702638228716e-03
5.104224330253206290e+02 -5.046019354642608361e-03 3.022621505026153350e-03
5.109234330253204917e+02 -3.473396905965281216e-03 3.009011550562698100e-03
5.114234330253211169e+02 -1.695039511829998921e-03 2.999350698840841552e-03
5.119234330253217422e+02 -5.095612467331983890e-04 2.985555166307204099e-03
5.124234330253206053e+02 -4.334065353839674367e-03 2.956683809809043488e-03
5.129244330253204680e+02 -7.715030424128238931e-03 2.931317418131968843e-03
5.134254330253220360e+02 -3.362473122381988595e-03 2.937399622867987916e-03
5.139254330253208991e+02 -3.529770453252183832e-03 2.928979655291900127e-03
5.144264330253207618e+02 -5.531095874167529791e-03 2.916048143050330773e-03
5.149264330253213302e+02 -3.447521270119228466e-03 2.917539168756182449e-03
5.154274330253211929e+02 -1.137332726929329504e-02 2.877320972213920532e-03
5.159274330253218750e+02 -9.452040800342681112e-03 2.873555832495353762e-03
5.164284330253217377e+02 -3.319815102385029106e-03 2.885471819309068636e-03
5.169294330253216003e+02 -5.672592358565471324e-03 2.865841947229715286e-03
5.174254330253215812e+02 -4.565329653961405776e-03 2.863672816110307204e-03
5.179264330253214439e+02 -5.534771555022045646e-03 2.855546103321371029e-03
5.184274330253213066e+02 -8.701105537494365633e-03 2.808777747218425738e-03
5.189284330253211692e+02 -1.244320037852105106e-02 2.683831496266924927e-03
5.194294330253210319e+02 -1.050612242949089219e-02 2.444803613130134071e-03
5.199304330253208946e+02 -7.809856564233795539e-03 2.156184079427689478e-03
5.201304330253204853e+02 -7.669091785070381376e-03 2.000972309694262589e-03
5.203314330253210755e+02 -7.473381799705110587e-03 1.883700200755997634e-03
5.205314330253205526e+02 -9.066670940608702670e-03 1.762283933262005341e-03
5.207274330253212611e+02 -7.534761100226152093e-03 1.648637520175195992e-03
5.209284330253218513e+02 -5.382435582043834654e-03 1.552285368448124911e-03
5.211284330253214421e+02 -2.980235833098394439e-03 1.529122102597822979e-03
5.213294330253220323e+02 -4.550842354670592629e-03 1.525803512828002775e-03
5.215294330253215094e+02 -3.551987621997669022e-03 1.525750792434521410e-03
5.217304330253220996e+02 -2.185148797753237639e-03 1.527415165748154634e-03
5.219304330253215767e+02 -1.639909547961368496e-03 1.527531237189894186e-03
5.221314330253221669e+02 -2.126897315666689391e-03 1.522663623771579799e-03
5.223314330253217577e+02 -3.565967424835505065e-03 1.518585514001784525e-03
5.225324330253205289e+02 -3.545593016710542767e-03 1.518510159298155004e-03
5.227274330253219432e+02 -2.209075639731928036e-03 1.519464214614535229e-03
5.229284330253208282e+02 -3.482990700767310110e-03 1.514643796349368372e-03
5.231284330253221242e+02 -1.846071371460801264e-03 1.521376060941893524e-03
5.233294330253208955e+02 -1.743927845443405972e-03 1.522325991611466487e-03
5.235294330253221915e+02 -2.468903776810492390e-03 1.518626163683705829e-03
5.237314330253219623e+02 -1.368743764492058156e-03 1.520086209178188579e-03
5.239314330253215530e+02 2.473242700821076038e-04 1.523334221492739834e-03
5.241324330253221433e+02 -1.975153006051022747e-04 1.522698224539656897e-03
5.243274330253218523e+02 -1.480195880162210218e-04 1.520929754376972856e-03
5.245284330253206235e+02 -2.445786594484734584e-03 1.516066663020249755e-03
5.247284330253219196e+02 -9.524685630575309815e-04 1.518637004943791885e-03
5.249294330253206908e+02 -2.209036634812329598e-03 1.512682981360357779e-03
5.251294330253219869e+02 -1.319609964755391260e-03 1.512535554059399020e-03
5.253304330253207581e+02 -2.005209645140026455e-03 1.509980268609371467e-03
5.255314330253213484e+02 -3.855418281127178607e-03 1.504207358009480161e-03
5.257324330253219387e+02 -1.937012782515569811e-03 1.505595530657530051e-03
5.259284330253208282e+02 -1.248378257526200309e-03 1.504339113748976537e-03
5.261284330253204189e+02 -2.269160882341750111e-03 1.499092820202405389e-03
5.263294330253210092e+02 -2.681472646630985585e-03 1.495381414501874284e-03
5.265294330253204862e+02 -2.585233031549083807e-03 1.492083200031261688e-03
5.267314330253220760e+02 -1.385685497152667122e-03 1.490497449126707528e-03
5.269314330253216667e+02 -3.598127877516130082e-03 1.483416014736122683e-03
5.271324330253204380e+02 -2.226536439636040126e-03 1.483708642358978758e-03
5.273274330253219659e+02 -1.665478089313877008e-03 1.482407314538266999e-03
5.275284330253207372e+02 -5.763221223575820630e-04 1.482521407453949369e-03
5.277294330253212138e+02 -3.243437366361415219e-03 1.473789548795176926e-03
5.279304330253218041e+02 -4.032518216489071154e-03 1.469955875398492847e-03
5.281314330253205753e+02 -2.004796383272938656e-03 1.472362750679787925e-03
5.283314330253219850e+02 -3.631699489157862604e-03 1.466768444476990391e-03
5.285274330253208745e+02 -3.606657343298228045e-03 1.465278705611047869e-03
5.287284330253214648e+02 -6.239080676408641918e-03 1.456883625723878056e-03
5.289294330253220551e+02 -5.139272795571071979e-03 1.456744674948322977e-03
5.291304330253208263e+02 -5.380989335220956980e-03 1.454177745841885071e-03
5.293304330253221224e+02 -5.873147818728873329e-03 1.451011033313230744e-03
5.295324330253218932e+02 -6.487767774654396372e-03 1.446535721607206809e-03
5.297274330253217158e+02 -7.867537027778205919e-03 1.441948371749727110e-03
5.299284330253204871e+02 -7.625557371747689744e-03 1.440389347643779468e-03
5.300284330253219878e+02 -8.284577175168131302e-03 1.437984107749039082e-03
5.301294330253209637e+02 -7.822843045366378520e-03 1.438016622767370302e-03
5.302294330253207590e+02 -7.027737120819456916e-03 1.437782341148038934e-03
5.303294330253205544e+02 -7.013310828787805776e-03 1.436645674420764310e-03
5.304304330253213493e+02 -7.887693479979066349e-03 1.432886988121367467e-03
5.305314330253221442e+02 -9.401223364276416541e-03 1.427787164674576515e-03
5.306314330253219396e+02 -8.751038299585641930e-03 1.428023473514954079e-03
5.307324330253209155e+02 -1.047087334312229653e-02 1.423807334279445511e-03
5.308324330253207108e+02 -9.667094820003189690e-03 1.423719821450404382e-03
5.309274330253206244e+02 -1.035372993482448246e-02 1.420903783855985815e-03
5.310284330253214193e+02 -1.034679816440179680e-02 1.419293953736176913e-03
5.311284330253212147e+02 -1.047540639460516239e-02 1.416590038933961864e-03
5.312294330253220096e+02 -1.194487328575665960e-02 1.410707163521876788e-03
5.313294330253218050e+02 -1.223773268913457349e-02 1.408460772677343599e-03
5.314304330253207809e+02 -1.039630284483761095e-02 1.411038952694183184e-03
5.315304330253205762e+02 -1.262429447675287447e-02 1.403492633200128289e-03
5.316304330253220769e+02 -1.159058287788242679e-02 1.404912279460064596e-03
5.317314330253211665e+02 -1.095416524812859588e-02 1.404542545289092035e-03
5.318324330253219614e+02 -1.253502488443236640e-02 1.398938121232584045e-03
5.319324330253216431e+02 -1.193813427608734698e-02 1.398392844894615896e-03
5.320284330253208509e+02 -1.194355158789802904e-02 1.397137962598380898e-03
5.321284330253206463e+02 -1.342738540539554354e-02 1.391262142500265158e-03
5.322284330253221469e+02 -1.436237036293074726e-02 1.387655111164063206e-03
5.323294330253212365e+02 -1.299746041095428337e-02 1.389062271330087240e-03
5.324304330253220314e+02 -1.304000792933869383e-02 1.387890920579025683e-03
5.325304330253218268e+02 -1.293272348716490230e-02 1.387273294304403829e-03
5.326304330253215085e+02 -1.374350205122919395e-02 1.383633638462702844e-03
5.327314330253205981e+02 -1.467090965745061759e-02 1.379690572504671748e-03
5.328314330253220987e+02 -1.388378061261557467e-02 1.380093334448958100e-03
5.329314330253218941e+02 -1.522127826648814186e-02 1.377202488834731488e-03
5.330274330253211019e+02 -1.420609262644256451e-02 1.378670744592191966e-03
5.331284330253218968e+02 -1.285241071694524957e-02 1.381781176850236390e-03
5.332284330253216922e+02 -1.309129465184457990e-02 1.380886588367050182e-03
5.333294330253206681e+02 -1.204940011100414342e-02 1.381664102946145211e-03
5.334294330253204635e+02 -1.113673310071907480e-02 1.383105495902687328e-03
5.335294330253219641e+02 -1.140454378894355421e-02 1.381119958259661171e-03
5.336304330253209400e+02 -9.008215458152901006e-03 1.385735858208930055e-03
5.337304330253207354e+02 -6.331936835233711869e-03 1.390901162010235682e-03
5.338314330253215303e+02 -4.607652765851845758e-03 1.395254641318182439e-03
5.339324330253205062e+02 4.855321433264946199e-05 1.405613166327810467e-03
5.340274330253205335e+02 3.527429907517586581e-03 1.413140308465596394e-03
5.341274330253220342e+02 9.029129418988713837e-03 1.425674404038668446e-03
5.342284330253211238e+02 1.598822012627597669e-02 1.440681781541463136e-03
5.343294330253219186e+02 2.226362239759891587e-02 1.453746024759454154e-03
5.344294330253216003e+02 2.782439665024481409e-02 1.465335877889254249e-03
5.345304330253206899e+02 3.592267960290125572e-02 1.483147133912800101e-03
5.346304330253203716e+02 3.924735168201291813e-02 1.490305809263367401e-03
5.347314330253211665e+02 4.318958661558867235e-02 1.499127511491388145e-03
5.348324330253219614e+02 4.630677698766393069e-02 1.505741956216720715e-03
5.349324330253217568e+02 4.670529607262107613e-02 1.506240929578043716e-03
5.350274330253217840e+02 4.611678694080346974e-02 1.504713619918550925e-03
5.351284330253207600e+02 4.500831558457036446e-02 1.501912676625193370e-03
5.352284330253205553e+02 4.559959870563121825e-02 1.503002468592848145e-03
5.353294330253213502e+02 4.389581973291036693e-02 1.499541300594683111e-03
5.354304330253221451e+02 4.203524045417775939e-02 1.495721294114783729e-03
5.355304330253218268e+02 4.003162462063577370e-02 1.492425075148860357e-03
5.356314330253209164e+02 4.103837213406318074e-02 1.495222363525338998e-03
5.357314330253207117e+02 4.491393838679968997e-02 1.504158965928171447e-03
5.358314330253203934e+02 4.765254762065257443e-02 1.510610837534738298e-03
5.359274330253214202e+02 4.775773649697597628e-02 1.510338094608114270e-03
5.360284330253203962e+02 5.607196289153015822e-02 1.528861350557598857e-03
5.361284330253220105e+02 6.010328278978933902e-02 1.538459289648365673e-03
5.362294330253209864e+02 6.397094589856390512e-02 1.546946505123532193e-03
5.363294330253207818e+02 7.063249906600599370e-02 1.561530308833317853e-03
5.364304330253215767e+02 7.642339460888508684e-02 1.575164689837769147e-03
5.365314330253205526e+02 8.007772081282134302e-02 1.581910529864546076e-03
5.366314330253221669e+02 8.490137768233495252e-02 1.592641970814800620e-03
5.367314330253218486e+02 8.775117590868572459e-02 1.598438476299307706e-03
5.368274330253210564e+02 8.848456510071554815e-02 1.599755530735327445e-03
5.369284330253218513e+02 9.292738465178153329e-02 1.608540816529734985e-03
5.370294330253209409e+02 9.480839280870881347e-02 1.613580594989498301e-03
5.371294330253206226e+02 9.683428842393422553e-02 1.616572498252193341e-03
5.372294330253204180e+02 9.889367800247697571e-02 1.620680863064722765e-03
5.373304330253212129e+02 9.976648711200829245e-02 1.622716418023475819e-03
5.374314330253220078e+02 1.014130254075224224e-01 1.625300997113447461e-03
5.375314330253218031e+02 1.015199114693394605e-01 1.625137170339393221e-03
5.376324330253207791e+02 1.008627948293462362e-01 1.623801288866896352e-03
5.377274330253208063e+02 1.028283543390745708e-01 1.627634245780634975e-03
5.378284330253216012e+02 1.009393687357447444e-01 1.622507553019692569e-03
5.379294330253205771e+02 1.032902111544111573e-01 1.627240516178249732e-03
5.380294330253220778e+02 1.018367993272465410e-01 1.622171116100524753e-03
5.381294330253218732e+02 1.013913978525400328e-01 1.621561905847342328e-03
5.382314330253219623e+02 1.007868528119759827e-01 1.620402821569281960e-03
5.383314330253217577e+02 1.010473543301297072e-01 1.620098059114563659e-03
5.384324330253207336e+02 1.016794230431384005e-01 1.620961283673866054e-03
5.385274330253206472e+02 1.031849462760980191e-01 1.624227693969627863e-03
5.386274330253204425e+02 1.011705819380041421e-01 1.616316171119590523e-03
5.387294330253205317e+02 1.000105978427133085e-01 1.613637383516774342e-03
5.388294330253220323e+02 9.860999278362873877e-02 1.610741820076411245e-03
5.389294330253218277e+02 9.911476042256964214e-02 1.611358266836794648e-03
5.390304330253208036e+02 9.966685772116368192e-02 1.612535887101929034e-03
5.391304330253205990e+02 9.975937205522694695e-02 1.612110373552727311e-03
5.392324330253206881e+02 9.801688636964440982e-02 1.607686979646424409e-03
5.393324330253221888e+02 9.797061352695987657e-02 1.602331244629362147e-03
5.394274330253221024e+02 9.752548890769734136e-02 1.600470674247919754e-03
5.395284330253211920e+02 9.812822506216119234e-02 1.599606339164008672e-03
5.396294330253219869e+02 9.804878847677399312e-02 1.596879192448806073e-03
5.397294330253216685e+02 9.575301577434722211e-02 1.590812722991313127e-03
5.399304330253205535e+02 9.727034811229402778e-02 1.589842264379643993e-03
5.401324330253221433e+02 9.588631919722795383e-02 1.583446566141855907e-03
5.403284330253210328e+02 9.335597670042146412e-02 1.572951532012900914e-03
5.405304330253209173e+02 9.384914749298900460e-02 1.573008282219281670e-03
5.407314330253213939e+02 9.355851853746874336e-02 1.563847194420753522e-03
5.409274330253203971e+02 9.061968381284457585e-02 1.551448190857017883e-03
5.411294330253219869e+02 8.913738857121163150e-02 1.545583359774438219e-03
5.413304330253207581e+02 8.674978933902742495e-02 1.537728277864612537e-03
5.415314330253213484e+02 8.265982326514471901e-02 1.527171410333588416e-03
5.417274330253221706e+02 8.140867936030392327e-02 1.519217160105668313e-03
5.419294330253219414e+02 8.061598490482126123e-02 1.516272100439237588e-03
5.421304330253207127e+02 7.947899022595657226e-02 1.508765117553632429e-03
5.423324330253204835e+02 7.477063282950693890e-02 1.495650376380777300e-03
5.425274330253220114e+02 7.033798005277065724e-02 1.484404772496917277e-03
5.427294330253218959e+02 6.816570361609403106e-02 1.478114596174491925e-03
5.429304330253206672e+02 6.563195773927314736e-02 1.469674258925038552e-03
5.431324330253204380e+02 6.178022093641246520e-02 1.458269585391562149e-03
5.433284330253211465e+02 6.008968104929016119e-02 1.452056432404533583e-03
5.435294330253217367e+02 5.780204139268351610e-02 1.446256771137733894e-03
5.437314330253216212e+02 5.599948136226043371e-02 1.440007644674959775e-03
5.439274330253205108e+02 5.363253173917897215e-02 1.432772490082223193e-03
5.441294330253221005e+02 5.177523571971601873e-02 1.427376582110437058e-03
5.443304330253208718e+02 4.830927908233884766e-02 1.419146840612779074e-03
5.445324330253207563e+02 4.660084033145400068e-02 1.414699798753143870e-03
5.447284330253214648e+02 4.502539528581359779e-02 1.409939299572519596e-03
5.449294330253220551e+02 4.308857663854214620e-02 1.405615410017881442e-03
5.451314330253218259e+02 4.322901224141189463e-02 1.404644354671223195e-03
5.453284330253218286e+02 4.187442022019435134e-02 1.401249528843413316e-03
5.455294330253205999e+02 4.068281569208250653e-02 1.397657654030090351e-03
5.457314330253204844e+02 3.961596150359363716e-02 1.394823471241760787e-03
5.459324330253209610e+02 4.012524231683908121e-02 1.395912499004368446e-03
5.461284330253217831e+02 3.777323395878044721e-02 1.389554496654704652e-03
5.463304330253215539e+02 3.623010808036387920e-02 1.386106754554724488e-03
5.465314330253221442e+02 3.834392845695829694e-02 1.390340586206283277e-03
5.467284330253221469e+02 3.644268075850747024e-02 1.385438255025447929e-03
5.469304330253219177e+02 3.716589885074894628e-02 1.387255210002030737e-03
5.471314330253208027e+02 3.496723257406247204e-02 1.382002564853946182e-03
5.473284330253206917e+02 3.667135037228965583e-02 1.386056407872529248e-03
5.475294330253212820e+02 3.567934649853852364e-02 1.382504010450858389e-03
5.477304330253218723e+02 3.731241848990200088e-02 1.384226140186971309e-03
5.479274330253218750e+02 3.767252366421437737e-02 1.383363075477336271e-03
5.481284330253206463e+02 3.713132555118712347e-02 1.380154878643399330e-03
5.483304330253204171e+02 3.598091412933105554e-02 1.375133626308389654e-03
5.485324330253220069e+02 3.498136472144958847e-02 1.369791749443925082e-03
5.487294330253221233e+02 3.525495992575209542e-02 1.368031908504824994e-03
5.489304330253208946e+02 3.429034715836576375e-02 1.363834673583714813e-03
5.491324330253206654e+02 3.669620354902186632e-02 1.365739402459306912e-03
5.493294330253206681e+02 3.756049600877631872e-02 1.364761272777356834e-03
5.495304330253212584e+02 3.485178317554468719e-02 1.357633248288511079e-03
5.497314330253218486e+02 3.670039843595470502e-02 1.361707606811755553e-03
5.499284330253217377e+02 3.823966768937998167e-02 1.362385936559879808e-03
5.501304330253216222e+02 3.721474771504453688e-02 1.358673387994225202e-03
5.503314330253222124e+02 3.656185135950591747e-02 1.354981863506432051e-03
5.505284330253222151e+02 3.576899991726690403e-02 1.351817319703629621e-03
5.507304330253219860e+02 3.579741312139186893e-02 1.350068062212551575e-03
5.509314330253207572e+02 3.783497952311738743e-02 1.352648734365411278e-03
5.511284330253207600e+02 3.672742249251486485e-02 1.348884624232094031e-03
5.513304330253206444e+02 3.867581721347244927e-02 1.350657911048158905e-03
5.515324330253222342e+02 3.704987553338457557e-02 1.344286296011813243e-03
5.517294330253221233e+02 3.839161618203286441e-02 1.346543388449202234e-03
5.519304330253210082e+02 3.929912833737804478e-02 1.347075443225854551e-03
5.521324330253207791e+02 3.830158043554977854e-02 1.342984316989735867e-03
5.523294330253207818e+02 3.830951624756791241e-02 1.341633654152363199e-03
5.525314330253205526e+02 3.888202079716587128e-02 1.342218465232464589e-03
5.527274330253213748e+02 3.872520970595009354e-02 1.341509852273630203e-03
5.529294330253211456e+02 3.949984229544186570e-02 1.342445363246494135e-03
5.531304330253217358e+02 4.067508451884074144e-02 1.343460675901694303e-03
5.533274330253217386e+02 4.073410346468069043e-02 1.343448493265792919e-03
5.535294330253215094e+02 4.116030697438923663e-02 1.343408302496305277e-03
5.537314330253213939e+02 4.034070646208373634e-02 1.340608364730392233e-03
5.539274330253221024e+02 4.143203923948839129e-02 1.342195633008887948e-03
5.541294330253218732e+02 4.144821451349101765e-02 1.339744419864096316e-03
5.543314330253217577e+02 4.266944966732055811e-02 1.342313705982810116e-03
5.545284330253217604e+02 4.375257838063097149e-02 1.345909079246473483e-03
5.547304330253215312e+02 4.364589495857563312e-02 1.344365373594299303e-03
5.549324330253214157e+02 4.607971649051862545e-02 1.348343741445251010e-03
5.551284330253221242e+02 4.665139455858886841e-02 1.348697532457426721e-03
5.553304330253218950e+02 4.717948313094860041e-02 1.349099869979928029e-03
5.555274330253218977e+02 4.783961480520776410e-02 1.350927122393111085e-03
5.557294330253217822e+02 4.952842415033462120e-02 1.353749336108298323e-03
5.559314330253215530e+02 4.794773080103788276e-02 1.350695271938090166e-03
5.561284330253215558e+02 4.914789614277299129e-02 1.352882494908005332e-03
5.563304330253213266e+02 4.872483580591878416e-02 1.350740386738406504e-03
5.565324330253212111e+02 4.930215877153800580e-02 1.351369617904521220e-03
5.567294330253212138e+02 5.119659047377692063e-02 1.356754172050947003e-03
5.569304330253216904e+02 5.210789839580547145e-02 1.359437658391200949e-03
5.571274330253218068e+02 5.414202375023309532e-02 1.364464616729371260e-03
5.573304330253208718e+02 5.395041094345301436e-02 1.364555277057973937e-03
5.575324330253206426e+02 5.381911068858935554e-02 1.364768523512748270e-03
5.577294330253206454e+02 5.621707117384548008e-02 1.371269495306132961e-03
5.579314330253204162e+02 5.600131608187857574e-02 1.370721031467066241e-03
5.581284330253204189e+02 5.660869055658166588e-02 1.372112954532830583e-03
5.583304330253220087e+02 5.512161562222045452e-02 1.369297254531445839e-03
5.585324330253218932e+02 5.614084744594419890e-02 1.371710377208050329e-03
5.587294330253218959e+02 5.677104907167721676e-02 1.373244364035078584e-03
5.589304330253206672e+02 5.849282296280454430e-02 1.376675360906681874e-03
5.591274330253206699e+02 5.881271591365071910e-02 1.376056288767215502e-03
5.593294330253204407e+02 5.885918685830779373e-02 1.373742352369247558e-03
5.595314330253220305e+02 5.957662303215328220e-02 1.374001955140360812e-03
5.597284330253220332e+02 5.698749602817509974e-02 1.365899912449497098e-03
5.599304330253219177e+02 5.866665306911753724e-02 1.366860844773298963e-03
5.601274330253218068e+02 5.901239137325572925e-02 1.364840933148626272e-03
5.603304330253208718e+02 5.939835771393951053e-02 1.362961363112136269e-03
5.605324330253207563e+02 5.973869858837979607e-02 1.361067416569680753e-03
5.607294330253207590e+02 5.823595147830012281e-02 1.354425224467269888e-03
5.609314330253205299e+02 5.757027011697837121e-02 1.350409324677230311e-03
5.611284330253205326e+02 5.919879493643850910e-02 1.352750957803024829e-03
5.613304330253221224e+02 6.045990830514202941e-02 1.354171913934793664e-03
5.615274330253221251e+02 6.156404548977713331e-02 1.355091544457342817e-03
5.617294330253220096e+02 6.011506380288361706e-02 1.350576775545676324e-03
5.619314330253217804e+02 5.747769175750677695e-02 1.342700182148949192e-03
5.621284330253217831e+02 5.831599130728643693e-02 1.343880339868315553e-03
5.623314330253208482e+02 5.919600692309322232e-02 1.345613499931828201e-03
5.625284330253208509e+02 5.986489364059701529e-02 1.346786624103128542e-03
5.627304330253206217e+02 5.813014072750680855e-02 1.341598419808651002e-03
5.629274330253206244e+02 5.692992797765905610e-02 1.337910509082341918e-03
5.631294330253205089e+02 5.590478171310535316e-02 1.335599959694942036e-03
5.633314330253220987e+02 5.771969732312540180e-02 1.339085294677575802e-03
5.635284330253221015e+02 5.824074432708813143e-02 1.339332262652476093e-03
5.637304330253218723e+02 5.817578664773636471e-02 1.338493384813538301e-03
5.639284330253211692e+02 5.569460996410397630e-02 1.332024176742058934e-03
5.641304330253209400e+02 5.587708827059259531e-02 1.332244095365988550e-03
5.643284330253219423e+02 5.608237003956382388e-02 1.331859255709100503e-03
5.645294330253207136e+02 5.389646137701756268e-02 1.325691438927944924e-03
5.647324330253215976e+02 5.590581943625828193e-02 1.330042460865664671e-03
5.649294330253216003e+02 5.407405146693636949e-02 1.324147673902079450e-03
5.651324330253206654e+02 5.571413610975686076e-02 1.327293121749419146e-03
5.653294330253206681e+02 5.536708753808139427e-02 1.325363386624115727e-03
5.655314330253204389e+02 5.338816272735944640e-02 1.318854804553030047e-03
5.657284330253205553e+02 5.473669240449220014e-02 1.320585372120735906e-03
5.659304330253221451e+02 5.461558995322451232e-02 1.318644302033070538e-03
5.661274330253220342e+02 5.422432818348391775e-02 1.315798345618389995e-03
5.663304330253210992e+02 5.343466604712530238e-02 1.312101558449626799e-03
5.665274330253212156e+02 5.453719343718517465e-02 1.313547831118027677e-03
5.667304330253219860e+02 5.423380082576453182e-02 1.312159249761649321e-03
5.669324330253218704e+02 5.434561589510102791e-02 1.312423392820059312e-03
5.671294330253217595e+02 5.337205777073206897e-02 1.309478954372727318e-03
5.673324330253208245e+02 5.353284145820162709e-02 1.308547448300990046e-03
5.675294330253209409e+02 5.278089705417483152e-02 1.306441935615520588e-03
5.677314330253207117e+02 5.331480319501190335e-02 1.310209912362611789e-03
5.679284330253207145e+02 5.303343301316697928e-02 1.308374877565204484e-03
5.681314330253214848e+02 5.247202362373070555e-02 1.305449330557397836e-03
5.683284330253216012e+02 5.207840808648154379e-02 1.303696192886743275e-03
5.685314330253206663e+02 5.195294834577854348e-02 1.301755299099033878e-03
5.687284330253205553e+02 5.202480496881965732e-02 1.301454627711028187e-03
5.689304330253204398e+02 5.276301982901469151e-02 1.300497611097002930e-03
5.691284330253214421e+02 5.188228222146862301e-02 1.297780794750008973e-03
5.693304330253213266e+02 5.207338274925678301e-02 1.295315601473581452e-03
5.695284330253205098e+02 5.222690287182681773e-02 1.292377215699690250e-03
5.697304330253220996e+02 5.302433400006835440e-02 1.293021031086978362e-03
5.699274330253221024e+02 5.217234673200751155e-02 1.288825858117910233e-03
5.701304330253211674e+02 5.188790316198580582e-02 1.286052413128603794e-03
5.703284330253204644e+02 5.284562477007521270e-02 1.286143947270950707e-03
5.705304330253220542e+02 5.062247787859044251e-02 1.278902819783331443e-03
5.707274330253220569e+02 5.169856289315656606e-02 1.278836633282287062e-03
5.709294330253218277e+02 5.300629393883306978e-02 1.280201303825367334e-03
5.711274330253211247e+02 5.239263297766882932e-02 1.276899636967621836e-03
5.713304330253218950e+02 5.102863543949950204e-02 1.272386345725233297e-03
5.715274330253218977e+02 5.095226746875688995e-02 1.270534363438023846e-03
5.717294330253217822e+02 5.040279149734810255e-02 1.268092588947174193e-03
5.719274330253209655e+02 5.048260827255637850e-02 1.266855939027826741e-03
5.721304330253218495e+02 5.168854567074888939e-02 1.269328487641336071e-03
5.723274330253218523e+02 5.041772531201558355e-02 1.265135918762170641e-03
5.725304330253209173e+02 4.992911776519960709e-02 1.263904716720226726e-03
5.727284330253219196e+02 5.113565970775368202e-02 1.266406570796111417e-03
5.729304330253218041e+02 5.080066299976820215e-02 1.265009806538294366e-03
5.731274330253218068e+02 5.196530360002558913e-02 1.267743569828909747e-03
5.733304330253208718e+02 5.120654065432096724e-02 1.265513492308958151e-03
5.735284330253218741e+02 4.870066037497199768e-02 1.257746027186275924e-03
5.737304330253216449e+02 5.036593969721410435e-02 1.261183257397310419e-03
5.739284330253209419e+02 5.077927351615347390e-02 1.261776857307160635e-03
5.741304330253207127e+02 5.067927859006250702e-02 1.260565219910896083e-03
5.743284330253218286e+02 5.070491963285163328e-02 1.258534992724370544e-03
5.745314330253208936e+02 5.015292224491961492e-02 1.255202978439902200e-03
5.747284330253207827e+02 5.006318156428110622e-02 1.253857882134791577e-03
5.749314330253216667e+02 4.984184017751291940e-02 1.252343015275337798e-03
5.751284330253216694e+02 4.900278954130697640e-02 1.245802591968416190e-03
5.753314330253207345e+02 4.767708265641266291e-02 1.239787141612244507e-03
5.755284330253207372e+02 4.889922663362981925e-02 1.240832497607159343e-03
5.757324330253208018e+02 4.718678253636007791e-02 1.231596481307139926e-03
5.759294330253208045e+02 4.781099723842759802e-02 1.229567645397527725e-03
5.761324330253216885e+02 4.794931714160858421e-02 1.227101988823295787e-03
5.763294330253216913e+02 4.829450709134573000e-02 1.225977147696554479e-03
5.765274330253209882e+02 4.771996535243671483e-02 1.216006474132433346e-03
5.767304330253217586e+02 4.787579250779027545e-02 1.211189192697206818e-03
5.769274330253217613e+02 4.779399733446863807e-02 1.208336391766348487e-03
