4.573694330253221665e+02 -5.036674787056469142e-04 6.345985742451830868e-04
4.578704330253220292e+02 4.227076097763723604e-06 6.429593841175631911e-04
4.583704330253208923e+02 -2.994966106383758087e-04 6.335701274917101894e-04
4.588694330253204612e+02 -3.353166982594541086e-04 6.310127645942235691e-04
4.593704330253220860e+02 9.804383086962418885e-04 6.597440203898035380e-04
4.598694330253216549e+02 -1.176594720881371839e-04 6.338508609305750245e-04
4.603694330253205180e+02 -3.111372896318798125e-05 6.359270356109507100e-04
4.608704330253221428e+02 -6.262440393989024650e-05 6.335319534392055193e-04
4.613754330253208309e+02 4.715783864753915152e-04 6.439563822471529829e-04
4.618754330253213993e+02 1.293295759684712568e-03 6.599721555568259816e-04
4.623754330253220246e+02 8.930075712796625969e-04 6.491765197692768875e-04
4.628764330253218873e+02 5.658687367274245874e-04 6.413332541959936885e-04
4.633764330253206936e+02 8.950890738382887902e-05 6.306742113501503932e-04
4.638774330253205562e+02 1.116214635237993747e-04 6.326233253089698838e-04
4.643784330253204189e+02 2.829939375223395389e-04 6.379024427628623766e-04
4.648784330253210442e+02 -4.380086004546487151e-04 6.213707876337363307e-04
4.653794330253209068e+02 9.392433792567933754e-04 6.521701468387380938e-04
4.658794330253215321e+02 -2.552406844762843022e-04 6.247039487894541195e-04
4.663804330253213948e+02 -9.910090542183181198e-05 6.280204505630345487e-04
4.668754330253204330e+02 1.131255857266270161e-04 6.328380375209664106e-04
4.673764330253220578e+02 4.530097356941368896e-04 6.416292826829564757e-04
4.678774330253219205e+02 3.280095034456139563e-04 6.384254183887628446e-04
4.683784330253217831e+02 -5.150608961320769829e-04 6.205357289067536071e-04
4.688804330253208832e+02 -1.261646044625957337e-04 6.282894873919526177e-04
4.693814330253207459e+02 1.168156229267544675e-03 6.546135319941827173e-04
4.698824330253206085e+02 1.181981564268612438e-03 6.532030130854156588e-04
4.703834330253204712e+02 4.157938953708598877e-04 6.337747352946005233e-04
4.708844330253220960e+02 4.120081443020835775e-04 6.315966145391689037e-04
4.713804330253221906e+02 6.002496272449261028e-04 6.330937105995630698e-04
4.718814330253220533e+02 1.134860606888673607e-04 6.198512690220578164e-04
4.723824330253219159e+02 -4.635441224917874708e-04 6.046887214250598087e-04
4.728844330253210160e+02 -3.386465720019593713e-04 6.057334409554685460e-04
4.733864330253219350e+02 7.427155683055309643e-05 6.144314197444759656e-04
4.738874330253217977e+02 8.734357631784236031e-05 6.138175802462374599e-04
4.743834330253218354e+02 -5.535561648155001933e-04 5.977686017064361276e-04
4.748854330253209355e+02 -9.369651235596633673e-04 5.863376025411274868e-04
4.753874330253217977e+02 -3.651209776260584228e-04 5.968071320535048296e-04
4.758884330253216604e+02 1.032707651767842446e-04 6.065272705272394330e-04
4.763864330253220487e+02 -6.469905907245618066e-05 6.012984514126677726e-04
4.768874330253219114e+02 -2.830454731873279146e-04 5.960990709508727807e-04
4.773894330253210114e+02 -3.879959766115666556e-04 5.912583710485095137e-04
4.778914330253218736e+02 5.638488798634684737e-04 6.104182965585535888e-04
4.783884330253212056e+02 -7.935235503562942548e-04 5.779066550850633357e-04
4.788904330253220678e+02 -1.850756885409404057e-03 5.504510422204003314e-04
4.793924330253212247e+02 -8.449415251019690544e-04 5.717173733689678112e-04
4.798894330253204998e+02 -7.743912921503882246e-04 5.699616968772239093e-04
4.803914330253213620e+02 -1.667492082477845102e-03 5.465034531848991621e-04
4.808934330253205189e+02 -4.110750574129695104e-04 5.734151699780483174e-04
4.813914330253208504e+02 -1.178790854169820901e-03 5.530929458474009809e-04
4.818934330253217126e+02 -1.280289729570368955e-03 5.476420994777680224e-04
4.823954330253208127e+02 -6.646369694185435108e-04 5.598939152555821534e-04
4.828924330253219068e+02 -1.095754157625579905e-03 5.479947757229599323e-04
4.833954330253220633e+02 -1.272373031567944693e-03 5.425746392719552362e-04
4.838934330253206326e+02 -1.726299705593174316e-03 5.310106418526324042e-04
4.843954330253214948e+02 -1.230135373781427724e-03 5.428103625439985270e-04
4.848974330253206517e+02 -1.060536171234183894e-03 5.481387968723781855e-04
4.853964330253219828e+02 -1.270655548227541147e-03 5.448796106570713083e-04
4.858984330253210828e+02 -9.028736168547406814e-04 5.546793245077756649e-04
4.863964330253214143e+02 -1.538127482606970690e-03 5.397412318636508324e-04
4.868984330253205144e+02 -1.143910059963706895e-03 5.488316087893566585e-04
4.873974330253219023e+02 -3.870252818656871375e-04 5.661520061094754436e-04
4.879004330253220587e+02 -4.226765303982539935e-04 5.642918942272835518e-04
4.883984330253206281e+02 -8.962606144284901433e-04 5.514006330472391538e-04
4.889014330253207277e+02 9.386816836879835805e-05 5.745771068871143375e-04
4.893984330253218218e+02 -2.934944755948071813e-04 5.666772410769309017e-04
4.899014330253219782e+02 -1.245439496208807604e-05 5.739165465069415335e-04
4.903994330253204907e+02 -4.348012168196041001e-05 5.732664448697334008e-04
4.909034330253217036e+02 -1.003383156991780089e-03 5.506955683197328798e-04
4.914014330253220351e+02 -1.484694485038767558e-03 5.409400729031025624e-04
4.919044330253221915e+02 2.283978525235780743e-04 5.815953990108039618e-04
4.924034330253217604e+02 -3.117271906541473417e-04 5.648707221413437705e-04
4.929014330253220919e+02 -3.770291088223777834e-04 5.584027112551541092e-04
4.934044330253204294e+02 -3.459334914183088603e-04 5.518401118707504582e-04
4.939034330253218172e+02 -5.174072744615979680e-05 5.523650693686417727e-04
4.944074330253212111e+02 -2.069458916409521712e-04 5.474098808155923417e-04
4.949064330253207800e+02 2.183586657166904446e-04 5.567432570624317309e-04
4.954044330253211115e+02 -6.433179928322427634e-04 5.373794487117799102e-04
4.959084330253205053e+02 -5.843517110312515528e-04 5.397143529076532447e-04
4.964074330253218932e+02 -1.550296826382563289e-05 5.529064796487372134e-04
4.969054330253204057e+02 -9.747579744753701123e-05 5.496816627207993513e-04
4.974104330253208559e+02 -8.299132614189547825e-04 5.319170585632008617e-04
4.979084330253211874e+02 -5.907529141770691663e-04 5.364489066705128897e-04
4.984074330253207563e+02 -1.548787951708941401e-04 5.458235249669919371e-04
4.989114330253219123e+02 -8.702348387798187167e-04 5.278869538489993317e-04
4.994104330253214812e+02 -1.561840827339928657e-03 5.080773601939119226e-04
4.999104330253221065e+02 -8.173610317456799336e-04 5.259193447457653726e-04
5.004084330253206758e+02 -2.882894723109023609e-04 5.366382010654558235e-04
5.009124330253218318e+02 -9.636487138800885069e-04 5.192126926229098877e-04
5.014124330253206949e+02 -4.463663903555627221e-04 5.303444253736007939e-04
5.019114330253220260e+02 -1.323915326061781252e-03 5.098283513436676316e-04
5.024114330253208891e+02 -2.327941433798585307e-04 5.376327075689986369e-04
5.029154330253220451e+02 -7.929471521273343936e-04 5.237450138144129864e-04
5.034154330253209082e+02 -2.630506642405367845e-04 5.359232630878337433e-04
5.039144330253204771e+02 -7.719648895781002938e-04 5.230360094231340917e-04
5.044134330253218081e+02 -1.089425495554041581e-03 5.137236631392368830e-04
5.049134330253206713e+02 -5.969524162824813452e-04 5.236839117220054487e-04
5.054184330253210646e+02 -2.319347359848233979e-04 5.302500370416523114e-04
5.059174330253206335e+02 -1.629523063415711502e-04 5.338811330832281873e-04
5.064184330253204962e+02 -2.077473902725602694e-04 5.328980605906768640e-04
5.069174330253218841e+02 -1.012808547732667406e-03 5.149656492166937915e-04
5.074174330253207472e+02 -5.171166133834699660e-04 5.277045439490436187e-04
5.079174330253213157e+02 1.466898572869210085e-04 5.439861952648820552e-04
5.084174330253219409e+02 5.474199460950071854e-04 5.541976032616353952e-04
5.089174330253207472e+02 -1.305777348769007161e-05 5.400010281223563543e-04
5.094174330253213725e+02 -1.022825342336152257e-03 5.139714837749319006e-04
5.099224330253218227e+02 -5.702437710514709438e-04 5.223344827041128497e-04
5.104224330253206290e+02 3.335001795242968788e-04 5.413077321341044131e-04
5.109234330253204917e+02 6.311882024879415364e-05 5.320342575251448946e-04
5.114234330253211169e+02 -6.037899984071634510e-04 5.134676657178095273e-04
5.119234330253217422e+02 -1.982885291869496819e-04 5.217427033144890654e-04
5.124234330253206053e+02 -2.840556182503967499e-04 5.175838975554322751e-04
5.129244330253204680e+02 -5.814042575804452464e-04 5.102880195091042022e-04
5.134254330253220360e+02 4.181904508852738117e-05 5.237151025339036861e-04
5.139254330253208991e+02 -1.123267015874668284e-04 5.201006295387656381e-04
5.144264330253207618e+02 -4.154679484903943377e-04 5.131349276472977868e-04
5.149264330253213302e+02 -9.125260862996735544e-04 5.002947994722581207e-04
5.154274330253211929e+02 -7.818273803594672508e-04 5.027369071585048284e-04
5.159274330253218750e+02 -8.447502055240404010e-04 4.996801250577490548e-04
5.164284330253217377e+02 -8.285152053081951866e-04 4.997717671682637940e-04
5.169294330253216003e+02 6.858501263448920694e-05 5.212218808354183736e-04
5.174254330253215812e+02 -8.463391506058912453e-04 4.985122383406126543e-04
5.179264330253214439e+02 -7.706500801281915194e-04 4.987943432707906940e-04
5.184274330253213066e+02 -1.000411755081676967e-03 4.867416704427561698e-04
5.189284330253211692e+02 -1.040096394840036870e-03 4.560379272810510007e-04
5.194294330253210319e+02 -1.320744378824154769e-04 4.401923780307367626e-04
5.199304330253208946e+02 3.104116246557085267e-04 3.948894827374479903e-04
5.201304330253204853e+02 1.370590223244372784e-04 3.689508803359025334e-04
5.203314330253210755e+02 -9.182985033414226960e-05 3.440614356752330844e-04
5.205314330253205526e+02 3.517601709277298760e-05 3.244809353989795567e-04
5.207274330253212611e+02 -1.362637235598338945e-04 3.038581761623766818e-04
5.209284330253218513e+02 -2.673429491534439948e-04 2.879971876080209296e-04
5.211284330253214421e+02 -5.056856792208702699e-04 2.776371551136523489e-04
5.213294330253220323e+02 -3.862518789682782062e-04 2.767630665565053898e-04
5.215294330253215094e+02 -3.611832603736705419e-04 2.766472535176471245e-04
5.217304330253220996e+02 -5.961296698497127369e-04 2.733396272797532526e-04
5.219304330253215767e+02 -2.813572777101828494e-04 2.776246632014077692e-04
5.221314330253221669e+02 -7.112382687621577617e-05 2.804472266401282347e-04
5.223314330253217577e+02 -1.644646776097852747e-04 2.789620054458597496e-04
5.225324330253205289e+02 -2.635158334677765394e-04 2.778427039754300743e-04
5.227274330253219432e+02 -3.039811444100568721e-04 2.772697792532136780e-04
5.229284330253208282e+02 -3.721144559328422026e-04 2.762643349784034376e-04
5.231284330253221242e+02 -5.352983000346042816e-04 2.745804381622715109e-04
5.233294330253208955e+02 -8.355596927057075602e-05 2.811235386045466355e-04
5.235294330253221915e+02 -4.805206795993052305e-04 2.754330345870030245e-04
5.237314330253219623e+02 -6.717362186816059526e-04 2.729038994071976030e-04
5.239314330253215530e+02 -8.411173468197717445e-04 2.709278871992969553e-04
5.241324330253221433e+02 -2.965786243225365724e-04 2.784716934776540150e-04
5.243274330253218523e+02 -4.001900600665782054e-04 2.770228637907361279e-04
5.245284330253206235e+02 -4.527888410981910166e-04 2.763282392468027629e-04
5.247284330253219196e+02 -1.932392190168328249e-04 2.796790115566563650e-04
5.249294330253206908e+02 -4.067907588787772824e-04 2.767554844333506409e-04
5.251294330253219869e+02 -2.362530034798641725e-04 2.790317008668560935e-04
5.253304330253207581e+02 -7.489287578251647591e-04 2.718536371207472876e-04
5.255314330253213484e+02 -4.092971295904603056e-04 2.763791695379784821e-04
5.257324330253219387e+02 -2.028254843071724471e-04 2.787793317410508032e-04
5.259284330253208282e+02 3.499133927668274799e-05 2.817739526510173445e-04
5.261284330253204189e+02 -8.629721382117049361e-06 2.809343449250530826e-04
5.263294330253210092e+02 9.212342456968434005e-05 2.819063976870318593e-04
5.265294330253204862e+02 -2.003038883254350038e-04 2.775960325006370725e-04
5.267314330253220760e+02 -1.471314698878522858e-04 2.778200489812346157e-04
5.269314330253216667e+02 -3.448920892248719746e-04 2.748566955355653666e-04
5.271324330253204380e+02 -4.484698415788344037e-04 2.732779101370199954e-04
5.273274330253219659e+02 -9.587189140188714996e-05 2.776840512325545415e-04
5.275284330253207372e+02 -5.428197435806441555e-04 2.715224628226818246e-04
5.277294330253212138e+02 -4.234573144785588297e-04 2.729533198223012247e-04
5.279304330253218041e+02 -3.641557161398797232e-04 2.734646035826434024e-04
5.281314330253205753e+02 -4.345206634117867485e-04 2.722548056370529320e-04
5.283314330253219850e+02 -7.946339075414969426e-05 2.769797702071213398e-04
5.285274330253208745e+02 -3.630392202374010751e-04 2.730232181079110770e-04
5.287284330253214648e+02 -4.454442930170167641e-04 2.716521281690020980e-04
5.289294330253220551e+02 -3.257020791200043101e-04 2.730476179362113722e-04
5.291304330253208263e+02 -6.321047069278893597e-04 2.687767326263001510e-04
5.293304330253221224e+02 -6.846113731674647110e-04 2.679504674933239267e-04
5.295324330253218932e+02 -4.698835851002901992e-04 2.706558709591702530e-04
5.297274330253217158e+02 -5.747545052447318144e-04 2.689803881940939926e-04
5.299284330253204871e+02 -3.795413898313409855e-04 2.714884758579607965e-04
5.300284330253219878e+02 -4.235567579394603345e-04 2.707671675199242473e-04
5.301294330253209637e+02 -2.421232916200783856e-04 2.731241966117374932e-04
5.302294330253207590e+02 -5.282502984803496274e-05 2.755115720360966987e-04
5.303294330253205544e+02 -1.413386598779078169e-04 2.741214105162900153e-04
5.304304330253213493e+02 -6.835815718650527619e-04 2.665681042193016590e-04
5.305314330253221442e+02 -6.622692888273463150e-04 2.667577330607269286e-04
5.306314330253219396e+02 -4.927636174380539301e-04 2.688916257696654126e-04
5.307324330253209155e+02 -4.143158754174234540e-04 2.698368746854409622e-04
5.308324330253207108e+02 -5.890001669788527336e-04 2.673572317388221101e-04
5.309274330253206244e+02 -5.232726257934962062e-04 2.680212941107011941e-04
5.310284330253214193e+02 -5.192590236154913949e-04 2.678504629899325579e-04
5.311284330253212147e+02 -7.000578774460409787e-04 2.651034923626158874e-04
5.312294330253220096e+02 -1.063366041154758688e-03 2.596932640288346795e-04
5.313294330253218050e+02 -5.331065266546974879e-04 2.666463622007651975e-04
5.314304330253207809e+02 9.672665250388605516e-05 2.750796758112794018e-04
5.315304330253205762e+02 -3.325554158839426301e-04 2.689232508248209962e-04
5.316304330253220769e+02 -4.380461806597985225e-04 2.672793011447637890e-04
5.317314330253211665e+02 -4.068263124426555670e-04 2.677468499165439574e-04
5.318324330253219614e+02 -4.750208473849161853e-04 2.666759194400622436e-04
5.319324330253216431e+02 -4.467090392230014693e-04 2.668758554249932324e-04
5.320284330253208509e+02 -3.140692369358784059e-04 2.683603410711381688e-04
5.321284330253206463e+02 1.047792737875502154e-05 2.723844848476256165e-04
5.322284330253221469e+02 -4.583672483403463315e-04 2.660243509204899453e-04
5.323294330253212365e+02 -1.439860421219139484e-04 2.699964533856202202e-04
5.324304330253220314e+02 -1.020445608698629104e-04 2.705060225596822598e-04
5.325304330253218268e+02 -4.472590839569492841e-04 2.658002329155714424e-04
5.326304330253215085e+02 -2.752180221656050515e-04 2.680466194204414541e-04
5.327314330253205981e+02 -4.390006752483277438e-05 2.708999406567811014e-04
5.328314330253220987e+02 4.377620325777035700e-04 2.771577492343677875e-04
5.329314330253218941e+02 4.364155957724792580e-04 2.770093501809361590e-04
5.330274330253211019e+02 4.474999243502515798e-04 2.772116135255532502e-04
5.331284330253218968e+02 6.547693591546457264e-04 2.798523492650772850e-04
5.332284330253216922e+02 8.787859300964008134e-04 2.827211180619783716e-04
5.333294330253206681e+02 1.114300363656311804e-03 2.857242314825888521e-04
5.334294330253204635e+02 2.047206157430493754e-03 2.971031548792900075e-04
5.335294330253219641e+02 2.672841994370800563e-03 3.044599994342467135e-04
5.336304330253209400e+02 3.772807002041568287e-03 3.171359903119000487e-04
5.337304330253207354e+02 5.153540530786278502e-03 3.321996459795857766e-04
5.338314330253215303e+02 6.421448506674943060e-03 3.457719385145610765e-04
5.339324330253205062e+02 8.520167859237735147e-03 3.670371363963656811e-04
5.340274330253205335e+02 1.155589621706418560e-02 3.956002366218658393e-04
5.341274330253220342e+02 1.457219478887519272e-02 4.224251125503059707e-04
5.342284330253211238e+02 1.699246043447351015e-02 4.424783250206753052e-04
5.343294330253219186e+02 2.055239788153287103e-02 4.706294312489289517e-04
5.344294330253216003e+02 2.424836692274343064e-02 4.981153345746810405e-04
5.345304330253206899e+02 2.700392350111519360e-02 5.179229086231804721e-04
5.346304330253203716e+02 2.912321698345013074e-02 5.327192625591386762e-04
5.347314330253211665e+02 3.104021986287036974e-02 5.458313543168782315e-04
5.348324330253219614e+02 3.239405171129634831e-02 5.549671924707121800e-04
5.349324330253217568e+02 3.251621424150751005e-02 5.560237866763000558e-04
5.350274330253217840e+02 3.262985543122795540e-02 5.569481113774967787e-04
5.351284330253207600e+02 3.283075101187526990e-02 5.583575733266242340e-04
5.352284330253205553e+02 3.252647623598044907e-02 5.568034344341503579e-04
5.353294330253213502e+02 3.264296293049916142e-02 5.578448311235732239e-04
5.354304330253221451e+02 3.227060095620880309e-02 5.559076091699257814e-04
5.355304330253218268e+02 3.431406404083143374e-02 5.695495072904039431e-04
5.356314330253209164e+02 3.699684605665759518e-02 5.870425869141019217e-04
5.357314330253207117e+02 3.949156330858251407e-02 6.028632762932435241e-04
5.358314330253203934e+02 4.374065641041079144e-02 6.284980563227523555e-04
5.359274330253214202e+02 4.862276342054826228e-02 6.563796977159962100e-04
5.360284330253203962e+02 5.405307165490982196e-02 6.865758191808074215e-04
5.361284330253220105e+02 6.040637203627244323e-02 7.201597490748876769e-04
5.362294330253209864e+02 6.505307189055944961e-02 7.442305223644552067e-04
5.363294330253207818e+02 7.091600120385282979e-02 7.732471376036705556e-04
5.364304330253215767e+02 7.551742083903044411e-02 7.954759374721611211e-04
5.365314330253205526e+02 8.030861856155170619e-02 8.177399882191401436e-04
5.366314330253221669e+02 8.357341922508518262e-02 8.326683008988590559e-04
5.367314330253218486e+02 8.628316133424282497e-02 8.448591851364382942e-04
5.368274330253210564e+02 8.863744152780393681e-02 8.553705494372240616e-04
5.369284330253218513e+02 9.079346208344833691e-02 8.651106389741401899e-04
5.370294330253209409e+02 9.132019189559052730e-02 8.676622251410223089e-04
5.371294330253206226e+02 9.323916663290628126e-02 8.761159658409363189e-04
5.372294330253204180e+02 9.417448109069559425e-02 8.802792101002390518e-04
5.373304330253212129e+02 9.512987828682401004e-02 8.844709783787111030e-04
5.374314330253220078e+02 9.528548958960719739e-02 8.852295409059959558e-04
5.375314330253218031e+02 9.585534144042187621e-02 8.879777451424675574e-04
5.376324330253207791e+02 9.560128272839865660e-02 8.871279561209491566e-04
5.377274330253208063e+02 9.495414755990534694e-02 8.844550228017541114e-04
5.378284330253216012e+02 9.512843127312671510e-02 8.852279758270443187e-04
5.379294330253205771e+02 9.624086910089443836e-02 8.899219981341506417e-04
5.380294330253220778e+02 9.571030239148087260e-02 8.877301061328946681e-04
5.381294330253218732e+02 9.603258942950783361e-02 8.892605563292185940e-04
5.382314330253219623e+02 9.407279241038525586e-02 8.812497936357062715e-04
5.383314330253217577e+02 9.396215364659642189e-02 8.806332714647472975e-04
5.384324330253207336e+02 9.341687928979880429e-02 8.784344636499434025e-04
5.385274330253206472e+02 9.219217492730087671e-02 8.728873839327139965e-04
5.386274330253204425e+02 9.128210042616737019e-02 8.691321511116387177e-04
5.387294330253205317e+02 9.010971271502404845e-02 8.633771484909164191e-04
5.388294330253220323e+02 9.177693379932362616e-02 8.703770457076954190e-04
5.389294330253218277e+02 9.097817718978254420e-02 8.672501456407457395e-04
5.390304330253208036e+02 8.993578854778211396e-02 8.627270904248010922e-04
5.391304330253205990e+02 8.936453073692410265e-02 8.601773477037497452e-04
5.392324330253206881e+02 8.920853874962432484e-02 8.589308723861615105e-04
5.393324330253221888e+02 8.950640042842844535e-02 8.590685494805968148e-04
5.394274330253221024e+02 8.949116546189354870e-02 8.582927398754243561e-04
5.395284330253211920e+02 8.828970861606810772e-02 8.521456637524743236e-04
5.396294330253219869e+02 8.889749536412433484e-02 8.542937707436266915e-04
5.397294330253216685e+02 8.882430337183988556e-02 8.534612503634866898e-04
5.399304330253205535e+02 8.651760259247388840e-02 8.427278059583983650e-04
5.401324330253221433e+02 8.665221388925237189e-02 8.407983178224913293e-04
5.403284330253210328e+02 8.657370672530728672e-02 8.393602163954192027e-04
5.405304330253209173e+02 8.590045110087478342e-02 8.354559499652158957e-04
5.407314330253213939e+02 8.455995574270339099e-02 8.269609301665107205e-04
5.409274330253203971e+02 8.242820932640200493e-02 8.153788575207297296e-04
5.411294330253219869e+02 8.084569434500596397e-02 8.078055141269362095e-04
5.413304330253207581e+02 7.988237098857836616e-02 8.027409201945098121e-04
5.415314330253213484e+02 7.774753689314577165e-02 7.920502712318099959e-04
5.417274330253221706e+02 7.463879409786780550e-02 7.767194126268566617e-04
5.419294330253219414e+02 7.140601956576213272e-02 7.610646293943895691e-04
5.421304330253207127e+02 6.858667082831200468e-02 7.467317021109798596e-04
5.423324330253204835e+02 6.747282445770362569e-02 7.407222481284612189e-04
5.425274330253220114e+02 6.478911179813486021e-02 7.271517974031339654e-04
5.427294330253218959e+02 6.241983638497929088e-02 7.152694240859718911e-04
5.429304330253206672e+02 5.958901199371778590e-02 7.006287233468254860e-04
5.431324330253204380e+02 5.732937685942861988e-02 6.884300235153865445e-04
5.433284330253211465e+02 5.452287821700935871e-02 6.737333093737902937e-04
5.435294330253217367e+02 5.266033808577391673e-02 6.639456620818654474e-04
5.437314330253216212e+02 5.004807101818838089e-02 6.497874624829641206e-04
5.439274330253205108e+02 4.784685764887398191e-02 6.374607300926140360e-04
5.441294330253221005e+02 4.512668278731043342e-02 6.223114093457213399e-04
5.443304330253208718e+02 4.399065050389378700e-02 6.163211767183836027e-04
5.445324330253207563e+02 4.199042875012693604e-02 6.049681657553715583e-04
5.447284330253214648e+02 4.070362761166519683e-02 5.976132485544432887e-04
5.449294330253220551e+02 4.026641917052944247e-02 5.953572793224540813e-04
5.451314330253218259e+02 3.836799347445912084e-02 5.843222528757884178e-04
5.453284330253218286e+02 3.736776778221386625e-02 5.785267650669537968e-04
5.455294330253205999e+02 3.631761959053647626e-02 5.722963465560895139e-04
5.457314330253204844e+02 3.528125690261299519e-02 5.662882757208953033e-04
5.459324330253209610e+02 3.484505028707480384e-02 5.639937870614992457e-04
5.461284330253217831e+02 3.382613242729302222e-02 5.578921151464118731e-04
5.463304330253215539e+02 3.383422016692538836e-02 5.584116358730742240e-04
5.465314330253221442e+02 3.365251637736862284e-02 5.576434647904036750e-04
5.467284330253221469e+02 3.325900414444646347e-02 5.554455271596933988e-04
5.469304330253219177e+02 3.232816812499102188e-02 5.499110669399227217e-04
5.471314330253208027e+02 3.256431359027229383e-02 5.518731095051562785e-04
5.473284330253206917e+02 3.256794518403453853e-02 5.521945412857604549e-04
5.475294330253212820e+02 3.322350049979211351e-02 5.564548240726585908e-04
5.477304330253218723e+02 3.222931279857071951e-02 5.497402509184233597e-04
5.479274330253218750e+02 3.230361689176936002e-02 5.499977714307005550e-04
5.481284330253206463e+02 3.180651104147287633e-02 5.464683065114297762e-04
5.483304330253204171e+02 3.205835971639689475e-02 5.476559993093849978e-04
5.485324330253220069e+02 3.221582845470983419e-02 5.482314586969509089e-04
5.487294330253221233e+02 3.163154182556141697e-02 5.439472488253194269e-04
5.489304330253208946e+02 3.210117256946623532e-02 5.467872223824677682e-04
5.491324330253206654e+02 3.207633361316523241e-02 5.460028329854734255e-04
5.493294330253206681e+02 3.212838033361124779e-02 5.458126258925542675e-04
5.495304330253212584e+02 3.166047855196627708e-02 5.428309535465730869e-04
5.497314330253218486e+02 3.288636861765821540e-02 5.510725325852126920e-04
5.499284330253217377e+02 3.268448178705669893e-02 5.491773843005502351e-04
5.501304330253216222e+02 3.269710236478285542e-02 5.489719149370421306e-04
5.503314330253222124e+02 3.288172263238450799e-02 5.502040375500406519e-04
5.505284330253222151e+02 3.313712154658095960e-02 5.516593958278650850e-04
5.507304330253219860e+02 3.333042502607247437e-02 5.527072129707528416e-04
5.509314330253207572e+02 3.341607186506397043e-02 5.530268752460174540e-04
5.511284330253207600e+02 3.339646003317763706e-02 5.525959288035095984e-04
5.513304330253206444e+02 3.331814870358649344e-02 5.519036438431431518e-04
5.515324330253222342e+02 3.305124482087232890e-02 5.498674906202459262e-04
5.517294330253221233e+02 3.314196903719504594e-02 5.503227168761428735e-04
5.519304330253210082e+02 3.459151194520522499e-02 5.596628762570850625e-04
5.521324330253207791e+02 3.430414888584903954e-02 5.576306167204776775e-04
5.523294330253207818e+02 3.431856766985888485e-02 5.577401139914679945e-04
5.525314330253205526e+02 3.512344994608454507e-02 5.631049227157419561e-04
5.527274330253213748e+02 3.529424876859753313e-02 5.644835001509431859e-04
5.529294330253211456e+02 3.522516293824880240e-02 5.640554966916483609e-04
5.531304330253217358e+02 3.508844293608686521e-02 5.632157498329240985e-04
5.533274330253217386e+02 3.612661716186749833e-02 5.699775420018614097e-04
5.535294330253215094e+02 3.601673104938041270e-02 5.696709349423567008e-04
5.537314330253213939e+02 3.533153398096099129e-02 5.653259046991872955e-04
5.539274330253221024e+02 3.618021396618736202e-02 5.707878138264007011e-04
5.541294330253218732e+02 3.616484008729254490e-02 5.705230440790760816e-04
5.543314330253217577e+02 3.679904401467046920e-02 5.747965645433961114e-04
5.545284330253217604e+02 3.734455671306239483e-02 5.788358870719907158e-04
5.547304330253215312e+02 3.788487793630244266e-02 5.822474133384150739e-04
5.549324330253214157e+02 3.850333340313214642e-02 5.856944445353793119e-04
5.551284330253221242e+02 3.834470505935013568e-02 5.851113146012855903e-04
5.553304330253218950e+02 3.876009182547936194e-02 5.881163646594568918e-04
5.555274330253218977e+02 3.846445632943706894e-02 5.864659862210924116e-04
5.557294330253217822e+02 3.996917139382626799e-02 5.959312979580809076e-04
5.559314330253215530e+02 3.941327659512278148e-02 5.931816997306779389e-04
5.561284330253215558e+02 3.909156459639862025e-02 5.914434105442048419e-04
5.563304330253213266e+02 4.038524885174478440e-02 5.997156621403914667e-04
5.565324330253212111e+02 4.013847979111822423e-02 5.985387698839223685e-04
5.567294330253212138e+02 4.025392007107356229e-02 5.999540275817135879e-04
5.569304330253216904e+02 4.095324259386410454e-02 6.049606341388162004e-04
5.571274330253218068e+02 4.101498858022695204e-02 6.059829485046496324e-04
5.573304330253208718e+02 4.135817565856820394e-02 6.087091928512614655e-04
5.575324330253206426e+02 4.170457601594766694e-02 6.117465192875282684e-04
5.577294330253206454e+02 4.156248526538510596e-02 6.116586005281380179e-04
5.579314330253204162e+02 4.136327727170107521e-02 6.109657538088337017e-04
5.581284330253204189e+02 4.246688988366137396e-02 6.182119490810284151e-04
5.583304330253220087e+02 4.180878028050269424e-02 6.148626526089478756e-04
5.585324330253218932e+02 4.300087124094484348e-02 6.225393809328837310e-04
5.587294330253218959e+02 4.323021781379214612e-02 6.242041422079907739e-04
5.589304330253206672e+02 4.213554750715949038e-02 6.177574659955798256e-04
5.591274330253206699e+02 4.242970261456634889e-02 6.194161859647669350e-04
5.593294330253204407e+02 4.323130143689644239e-02 6.238669177129911505e-04
5.595314330253220305e+02 4.254840312536598002e-02 6.194265809978202362e-04
5.597284330253220332e+02 4.305269502348398752e-02 6.220714078054575625e-04
5.599304330253219177e+02 4.287994722357466731e-02 6.202496244241476053e-04
5.601274330253218068e+02 4.249041362361137553e-02 6.171196001912654600e-04
5.603304330253208718e+02 4.265378693588482706e-02 6.175077884787344472e-04
5.605324330253207563e+02 4.330989847484328220e-02 6.208834992748809038e-04
5.607294330253207590e+02 4.307142266727190250e-02 6.187567515216886669e-04
5.609314330253205299e+02 4.262792876200739711e-02 6.156350339573152686e-04
5.611284330253205326e+02 4.387875891412934548e-02 6.227889961151666844e-04
5.613304330253221224e+02 4.282603230118258580e-02 6.162763773579014569e-04
5.615274330253221251e+02 4.248225955909833151e-02 6.141657270101339100e-04
5.617294330253220096e+02 4.300950393160717783e-02 6.173248531271336489e-04
5.619314330253217804e+02 4.224481521626057001e-02 6.128247775393599233e-04
5.621284330253217831e+02 4.252936489744163495e-02 6.147033544473526259e-04
5.623314330253208482e+02 4.244396751612740382e-02 6.144653470588678839e-04
5.625284330253208509e+02 4.185435184353002852e-02 6.112017751180349881e-04
5.627304330253206217e+02 4.171646619923426863e-02 6.105384713655065106e-04
5.629274330253206244e+02 4.217930958148380371e-02 6.135576472941198147e-04
5.631294330253205089e+02 4.137643517108628016e-02 6.091872815820317463e-04
5.633314330253220987e+02 4.195212495675354480e-02 6.128607357617863599e-04
5.635284330253221015e+02 4.168840781284977731e-02 6.113494072425833693e-04
5.637304330253218723e+02 4.151133554382725049e-02 6.105643700756034804e-04
5.639284330253211692e+02 4.110029023288321037e-02 6.084925050458134125e-04
5.641304330253209400e+02 4.114216417664285502e-02 6.090377008785583055e-04
5.643284330253219423e+02 4.028198183081149047e-02 6.039929213309206540e-04
5.645294330253207136e+02 4.148082932016222690e-02 6.114799213229001919e-04
5.647324330253215976e+02 4.041210918766959675e-02 6.051182930490323899e-04
5.649294330253216003e+02 4.062828295596979805e-02 6.064447423588947709e-04
5.651324330253206654e+02 4.066073560812474841e-02 6.065613645344552834e-04
5.653294330253206681e+02 4.050030565920859776e-02 6.055206939319622561e-04
5.655314330253204389e+02 4.037242780237737527e-02 6.046052158056377124e-04
5.657284330253205553e+02 4.001495526220021082e-02 6.023020748154764943e-04
5.659304330253221451e+02 4.009730394878043003e-02 6.025279789826813249e-04
5.661274330253220342e+02 4.020237199721843346e-02 6.030622430572319141e-04
5.663304330253210992e+02 3.897711162390282008e-02 5.953385126287411575e-04
5.665274330253212156e+02 4.038640473447881879e-02 6.041002224940561580e-04
5.667304330253219860e+02 3.999306791260324317e-02 6.020970382895552342e-04
5.669324330253218704e+02 3.899797873580096441e-02 5.960191988437489076e-04
5.671294330253217595e+02 3.921070335481467023e-02 5.978141400697974551e-04
5.673324330253208245e+02 3.852527264978779231e-02 5.937028477369034503e-04
5.675294330253209409e+02 3.815941786054747459e-02 5.917919019197805455e-04
5.677314330253207117e+02 3.861318468982731511e-02 5.957332481421019014e-04
5.679284330253207145e+02 3.817329054910581498e-02 5.931983779208559269e-04
5.681314330253214848e+02 3.814695594201759909e-02 5.927095721079667610e-04
5.683284330253216012e+02 3.740240722374287702e-02 5.880031986535743044e-04
5.685314330253206663e+02 3.809449207632525924e-02 5.927148411364072068e-04
5.687284330253205553e+02 3.775729358448481204e-02 5.901702270886054029e-04
5.689304330253204398e+02 3.741239437563895209e-02 5.876784308603677899e-04
5.691284330253214421e+02 3.765819510353098087e-02 5.889762760205059918e-04
5.693304330253213266e+02 3.723651584217790855e-02 5.858015220979254914e-04
5.695284330253205098e+02 3.693844651728817735e-02 5.831719059703782031e-04
5.697304330253220996e+02 3.607770236667041247e-02 5.772955418786489615e-04
5.699274330253221024e+02 3.633999815529648236e-02 5.785358307466310218e-04
5.701304330253211674e+02 3.707397037435011117e-02 5.828663950383230433e-04
5.703284330253204644e+02 3.662756404872317267e-02 5.794102580003406390e-04
5.705304330253220542e+02 3.617834728152009849e-02 5.763510479224208177e-04
5.707274330253220569e+02 3.619797724440045744e-02 5.758858288868705377e-04
5.709294330253218277e+02 3.608008966001117340e-02 5.747049434889956896e-04
5.711274330253211247e+02 3.552576408577205053e-02 5.709224552786186990e-04
5.713304330253218950e+02 3.591256876519596103e-02 5.734681855529516308e-04
5.715274330253218977e+02 3.528157950045978514e-02 5.691513513087359533e-04
5.717294330253217822e+02 3.553618191876112969e-02 5.708579974219794547e-04
5.719274330253209655e+02 3.587397180751217274e-02 5.730551426504377349e-04
5.721304330253218495e+02 3.521743775893824285e-02 5.689289607179883563e-04
5.723274330253218523e+02 3.558162086016872921e-02 5.715116466144697831e-04
5.725304330253209173e+02 3.533680737801671301e-02 5.703018869088185769e-04
5.727284330253219196e+02 3.590221121672199089e-02 5.741158584573359666e-04
5.729304330253218041e+02 3.538239641214877690e-02 5.710506299799732741e-04
5.731274330253218068e+02 3.459415726872083763e-02 5.661726488314909080e-04
5.733304330253208718e+02 3.402878667402949031e-02 5.627736719148861708e-04
5.735284330253218741e+02 3.409350584523325456e-02 5.632097146859547931e-04
5.737304330253216449e+02 3.406498384945628316e-02 5.630419597087715647e-04
5.739284330253209419e+02 3.402482856238853159e-02 5.629336119549981218e-04
5.741304330253207127e+02 3.368316509305733369e-02 5.605987817170715419e-04
5.743284330253218286e+02 3.415052278707055716e-02 5.634716721678778486e-04
5.745314330253208936e+02 3.369519129551683950e-02 5.598379424061909401e-04
5.747284330253207827e+02 3.387939843400580853e-02 5.609864417462159672e-04
5.749314330253216667e+02 3.387051120021745271e-02 5.606243673883126071e-04
5.751284330253216694e+02 3.328640756793179584e-02 5.558016668952246719e-04
5.753314330253207345e+02 3.350320966160769132e-02 5.562758803226862305e-04
5.755284330253207372e+02 3.301841431109350800e-02 5.522629385733497697e-04
5.757324330253208018e+02 3.323260845804128227e-02 5.524728680758182915e-04
5.759294330253208045e+02 3.385217666012943494e-02 5.548944375819501703e-04
5.761324330253216885e+02 3.322258756772333149e-02 5.499016696833135699e-04
5.763294330253216913e+02 3.343702597044250630e-02 5.504163746449847096e-04
5.765274330253209882e+02 3.293201745775458517e-02 5.446544100577654056e-04
5.767304330253217586e+02 3.281612065895198049e-02 5.421023065986130696e-04
5.769274330253217613e+02 3.240295101721808041e-02 5.386557830839235235e-04
