51.000000 0.002092
51.031000 0.002162
51.062000 0.002233
51.093000 0.002307
51.124000 0.002382
51.155000 0.002458
51.186000 0.002537
51.217000 0.002617
51.248000 0.002699
51.279000 0.002784
51.310000 0.002870
51.341000 0.002958
51.372000 0.003049
51.403000 0.003141
51.434000 0.003236
51.465000 0.003334
51.496000 0.003434
51.527000 0.003537
51.558000 0.003642
51.589000 0.003751
51.620000 0.003862
51.651000 0.003977
51.682000 0.004095
51.713000 0.004216
51.744000 0.004340
51.775000 0.004469
51.806000 0.004601
51.837000 0.004738
51.868000 0.004878
51.899000 0.005023
51.930000 0.005172
51.961000 0.005327
51.992000 0.005486
52.023000 0.005650
52.054000 0.005820
52.085000 0.005995
52.116000 0.006175
52.147000 0.006362
52.178000 0.006555
52.209000 0.006754
52.240000 0.006960
52.271000 0.007173
52.302000 0.007392
52.333000 0.007619
52.364000 0.007853
52.395000 0.008095
52.426000 0.008345
52.457000 0.008602
52.488000 0.008868
52.519000 0.009143
52.550000 0.009425
52.581000 0.009717
52.612000 0.010018
52.643000 0.010328
52.674000 0.010646
52.705000 0.010975
52.736000 0.011313
52.767000 0.011660
52.798000 0.012017
52.829000 0.012384
52.860000 0.012761
52.891000 0.013148
52.922000 0.013544
52.953000 0.013951
52.984000 0.014367
53.015000 0.014794
53.046000 0.015230
53.077000 0.015675
53.108000 0.016131
53.139000 0.016596
53.170000 0.017070
53.201000 0.017553
53.232000 0.018045
53.263000 0.018546
53.294000 0.019056
53.325000 0.019573
53.356000 0.020098
53.387000 0.020631
53.418000 0.021171
53.449000 0.021717
53.480000 0.022270
53.511000 0.022828
53.542000 0.023391
53.573000 0.023960
53.604000 0.024532
53.635000 0.025109
53.666000 0.025688
53.697000 0.026270
53.728000 0.026853
53.759000 0.027438
53.790000 0.028024
53.821000 0.028609
53.852000 0.029193
53.883000 0.029776
53.914000 0.030356
53.945000 0.030933
53.976000 0.031507
54.007000 0.032076
54.038000 0.032640
54.069000 0.033198
54.100000 0.033749
54.131000 0.034292
54.162000 0.034827
54.193000 0.035354
54.224000 0.035870
54.255000 0.036377
54.286000 0.036872
54.317000 0.037355
54.348000 0.037826
54.379000 0.038284
54.410000 0.038728
54.441000 0.039159
54.472000 0.039574
54.503000 0.039974
54.534000 0.040359
54.565000 0.040728
54.596000 0.041080
54.627000 0.041415
54.658000 0.041733
54.689000 0.042033
54.720000 0.042316
54.751000 0.042582
54.782000 0.042829
54.813000 0.043058
54.844000 0.043269
54.875000 0.043462
54.906000 0.043638
54.937000 0.043795
54.968000 0.043935
54.999000 0.044057
55.030000 0.044162
55.061000 0.044250
55.092000 0.044322
55.123000 0.044377
55.154000 0.044417
55.185000 0.044442
55.216000 0.044453
55.247000 0.044449
55.278000 0.044432
55.309000 0.044402
55.340000 0.044360
55.371000 0.044307
55.402000 0.044244
55.433000 0.044171
55.464000 0.044089
55.495000 0.044000
55.526000 0.043903
55.557000 0.043800
55.588000 0.043692
55.619000 0.043580
55.650000 0.043465
55.681000 0.043347
55.712000 0.043229
55.743000 0.043110
55.774000 0.042992
55.805000 0.042876
55.836000 0.042764
55.867000 0.042655
55.898000 0.042551
55.929000 0.042454
55.960000 0.042364
55.991000 0.042283
56.022000 0.042211
56.053000 0.042151
56.084000 0.042101
56.115000 0.042065
56.146000 0.042043
56.177000 0.042037
56.208000 0.042046
56.239000 0.042073
56.270000 0.042119
56.301000 0.042185
56.332000 0.042272
56.363000 0.042382
56.394000 0.042515
56.425000 0.042673
56.456000 0.042857
56.487000 0.043068
56.518000 0.043308
56.549000 0.043579
56.580000 0.043881
56.611000 0.044216
56.642000 0.044586
56.673000 0.044992
56.704000 0.045436
56.735000 0.045919
56.766000 0.046444
56.797000 0.047011
56.828000 0.047623
56.859000 0.048283
56.890000 0.048990
56.921000 0.049749
56.952000 0.050561
56.983000 0.051428
57.014000 0.052352
57.045000 0.053337
57.076000 0.054384
57.107000 0.055496
57.138000 0.056676
57.169000 0.057926
57.200000 0.059250
57.231000 0.060649
57.262000 0.062128
57.293000 0.063690
57.324000 0.065337
57.355000 0.067073
57.386000 0.068901
57.417000 0.070824
57.448000 0.072847
57.479000 0.074972
57.510000 0.077203
57.541000 0.079544
57.572000 0.081999
57.603000 0.084570
57.634000 0.087262
57.665000 0.090078
57.696000 0.093022
57.727000 0.096098
57.758000 0.099308
57.789000 0.102658
57.820000 0.106149
57.851000 0.109786
57.882000 0.113571
57.913000 0.117509
57.944000 0.121601
57.975000 0.125850
58.006000 0.130260
58.037000 0.134832
58.068000 0.139568
58.099000 0.144471
58.130000 0.149543
58.161000 0.154784
58.192000 0.160195
58.223000 0.165778
58.254000 0.171532
58.285000 0.177458
58.316000 0.183555
58.347000 0.189822
58.378000 0.196258
58.409000 0.202862
58.440000 0.209630
58.471000 0.216561
58.502000 0.223650
58.533000 0.230895
58.564000 0.238291
58.595000 0.245833
58.626000 0.253515
58.657000 0.261332
58.688000 0.269278
58.719000 0.277345
58.750000 0.285525
58.781000 0.293810
58.812000 0.302192
58.843000 0.310662
58.874000 0.319208
58.905000 0.327821
58.936000 0.336490
58.967000 0.345204
58.998000 0.353950
59.029000 0.362715
59.060000 0.371488
59.091000 0.380255
59.122000 0.389002
59.153000 0.397716
59.184000 0.406381
59.215000 0.414983
59.246000 0.423507
59.277000 0.431939
59.308000 0.440263
59.339000 0.448464
59.370000 0.456526
59.401000 0.464433
59.432000 0.472171
59.463000 0.479725
59.494000 0.487078
59.525000 0.494216
59.556000 0.501124
59.587000 0.507788
59.618000 0.514193
59.649000 0.520325
59.680000 0.526172
59.711000 0.531721
59.742000 0.536958
59.773000 0.541872
59.804000 0.546453
59.835000 0.550689
59.866000 0.554571
59.897000 0.558090
59.928000 0.561237
59.959000 0.564005
59.990000 0.566387
60.021000 0.568378
60.052000 0.569973
60.083000 0.571168
60.114000 0.571959
60.145000 0.572345
60.176000 0.572324
60.207000 0.571897
60.238000 0.571063
60.269000 0.569825
60.300000 0.568186
60.331000 0.566148
60.362000 0.563716
60.393000 0.560896
60.424000 0.557694
60.455000 0.554117
60.486000 0.550173
60.517000 0.545870
60.548000 0.541219
60.579000 0.536229
60.610000 0.530911
60.641000 0.525277
60.672000 0.519338
60.703000 0.513108
60.734000 0.506600
60.765000 0.499828
60.796000 0.492804
60.827000 0.485545
60.858000 0.478064
60.889000 0.470377
60.920000 0.462499
60.951000 0.454444
60.982000 0.446230
61.013000 0.437870
61.044000 0.429381
61.075000 0.420778
61.106000 0.412077
61.137000 0.403292
61.168000 0.394439
61.199000 0.385532
61.230000 0.376587
61.261000 0.367617
61.292000 0.358636
61.323000 0.349657
61.354000 0.340695
61.385000 0.331761
61.416000 0.322868
61.447000 0.314028
61.478000 0.305251
61.509000 0.296549
61.540000 0.287932
61.571000 0.279409
61.602000 0.270989
61.633000 0.262682
61.664000 0.254494
61.695000 0.246434
61.726000 0.238508
61.757000 0.230722
61.788000 0.223082
61.819000 0.215594
61.850000 0.208260
61.881000 0.201087
61.912000 0.194076
61.943000 0.187232
61.974000 0.180555
62.005000 0.174050
62.036000 0.167716
62.067000 0.161555
62.098000 0.155567
62.129000 0.149753
62.160000 0.144112
62.191000 0.138644
62.222000 0.133347
62.253000 0.128222
62.284000 0.123265
62.315000 0.118475
62.346000 0.113850
62.377000 0.109387
62.408000 0.105084
62.439000 0.100939
62.470000 0.096947
62.501000 0.093106
62.532000 0.089412
62.563000 0.085863
62.594000 0.082453
62.625000 0.079181
62.656000 0.076042
62.687000 0.073032
62.718000 0.070148
62.749000 0.067385
62.780000 0.064740
62.811000 0.062209
62.842000 0.059788
62.873000 0.057474
62.904000 0.055261
62.935000 0.053148
62.966000 0.051129
62.997000 0.049202
63.028000 0.047362
63.059000 0.045606
63.090000 0.043931
63.121000 0.042334
63.152000 0.040810
63.183000 0.039357
63.214000 0.037972
63.245000 0.036651
63.276000 0.035392
63.307000 0.034192
63.338000 0.033048
63.369000 0.031957
63.400000 0.030917
63.431000 0.029926
63.462000 0.028980
63.493000 0.028079
63.524000 0.027218
63.555000 0.026398
63.586000 0.025615
63.617000 0.024867
63.648000 0.024154
63.679000 0.023472
63.710000 0.022821
63.741000 0.022198
63.772000 0.021603
63.803000 0.021034
63.834000 0.020489
63.865000 0.019967
63.896000 0.019468
63.927000 0.018989
63.958000 0.018530
63.989000 0.018090
64.020000 0.017667
64.051000 0.017261
64.082000 0.016871
64.113000 0.016497
64.144000 0.016136
64.175000 0.015789
64.206000 0.015455
64.237000 0.015134
64.268000 0.014824
64.299000 0.014525
64.330000 0.014236
64.361000 0.013958
64.392000 0.013689
64.423000 0.013429
64.454000 0.013177
64.485000 0.012934
64.516000 0.012699
64.547000 0.012471
64.578000 0.012250
64.609000 0.012036
64.640000 0.011829
64.671000 0.011628
64.702000 0.011433
64.733000 0.011243
64.764000 0.011059
64.795000 0.010880
64.826000 0.010707
64.857000 0.010538
64.888000 0.010374
64.919000 0.010214
64.950000 0.010059
64.981000 0.009907
65.012000 0.009760
65.043000 0.009616
65.074000 0.009477
65.105000 0.009341
65.136000 0.009208
65.167000 0.009079
65.198000 0.008952
65.229000 0.008829
65.260000 0.008709
65.291000 0.008592
65.322000 0.008478
65.353000 0.008366
65.384000 0.008257
65.415000 0.008151
65.446000 0.008047
65.477000 0.007945
65.508000 0.007846
65.539000 0.007749
65.570000 0.007654
65.601000 0.007561
65.632000 0.007471
65.663000 0.007382
65.694000 0.007295
65.725000 0.007210
65.756000 0.007127
65.787000 0.007045
65.818000 0.006965
65.849000 0.006887
65.880000 0.006811
65.911000 0.006735
65.942000 0.006662
65.973000 0.006590
66.004000 0.006519
66.035000 0.006449
66.066000 0.006381
66.097000 0.006314
66.128000 0.006249
66.159000 0.006184
66.190000 0.006121
66.221000 0.006059
66.252000 0.005997
66.283000 0.005937
66.314000 0.005878
66.345000 0.005820
66.376000 0.005763
66.407000 0.005707
66.438000 0.005651
66.469000 0.005597
66.500000 0.005543
66.531000 0.005490
66.562000 0.005438
66.593000 0.005387
66.624000 0.005336
66.655000 0.005286
66.686000 0.005237
66.717000 0.005189
66.748000 0.005141
66.779000 0.005094
66.810000 0.005047
66.841000 0.005001
66.872000 0.004956
66.903000 0.004911
66.934000 0.004867
66.965000 0.004823
66.996000 0.004780
67.027000 0.004738
67.058000 0.004695
67.089000 0.004654
67.120000 0.004613
67.151000 0.004572
67.182000 0.004532
67.213000 0.004493
67.244000 0.004454
67.275000 0.004415
67.306000 0.004377
67.337000 0.004339
67.368000 0.004302
67.399000 0.004265
67.430000 0.004228
67.461000 0.004192
67.492000 0.004156
67.523000 0.004121
67.554000 0.004086
67.585000 0.004052
67.616000 0.004018
67.647000 0.003984
67.678000 0.003951
67.709000 0.003918
67.740000 0.003885
67.771000 0.003853
67.802000 0.003821
67.833000 0.003789
67.864000 0.003758
67.895000 0.003727
67.926000 0.003697
67.957000 0.003667
67.988000 0.003637
68.019000 0.003608
68.050000 0.003579
68.081000 0.003550
68.112000 0.003521
68.143000 0.003493
68.174000 0.003466
68.205000 0.003438
68.236000 0.003411
68.267000 0.003384
68.298000 0.003358
68.329000 0.003331
68.360000 0.003306
68.391000 0.003280
68.422000 0.003255
68.453000 0.003230
68.484000 0.003205
68.515000 0.003181
68.546000 0.003157
68.577000 0.003133
68.608000 0.003110
68.639000 0.003086
68.670000 0.003064
68.701000 0.003041
68.732000 0.003019
68.763000 0.002997
68.794000 0.002975
68.825000 0.002954
68.856000 0.002933
68.887000 0.002912
68.918000 0.002892
68.949000 0.002871
68.980000 0.002852
69.011000 0.002832
69.042000 0.002813
69.073000 0.002794
69.104000 0.002775
69.135000 0.002757
69.166000 0.002739
69.197000 0.002721
69.228000 0.002703
69.259000 0.002686
69.290000 0.002669
69.321000 0.002652
69.352000 0.002636
69.383000 0.002620
69.414000 0.002604
69.445000 0.002589
69.476000 0.002574
69.507000 0.002559
69.538000 0.002544
69.569000 0.002530
69.600000 0.002516
69.631000 0.002502
69.662000 0.002489
69.693000 0.002476
69.724000 0.002463
69.755000 0.002450
69.786000 0.002438
69.817000 0.002426
69.848000 0.002414
69.879000 0.002402
69.910000 0.002391
69.941000 0.002380
69.972000 0.002369
70.003000 0.002359
70.034000 0.002348
70.065000 0.002338
70.096000 0.002329
70.127000 0.002319
70.158000 0.002310
70.189000 0.002300
70.220000 0.002292
70.251000 0.002283
70.282000 0.002274
70.313000 0.002266
70.344000 0.002258
70.375000 0.002250
70.406000 0.002242
70.437000 0.002234
70.468000 0.002227
70.499000 0.002220
70.530000 0.002213
70.561000 0.002206
70.592000 0.002199
70.623000 0.002192
70.654000 0.002186
70.685000 0.002179
70.716000 0.002173
70.747000 0.002167
70.778000 0.002161
70.809000 0.002155
70.840000 0.002149
70.871000 0.002143
70.902000 0.002137
70.933000 0.002132
70.964000 0.002126
70.995000 0.002121
71.026000 0.002115
71.057000 0.002110
71.088000 0.002105
71.119000 0.002099
71.150000 0.002094
71.181000 0.002089
71.212000 0.002084
71.243000 0.002079
71.274000 0.002073
71.305000 0.002068
71.336000 0.002063
71.367000 0.002058
71.398000 0.002053
71.429000 0.002048
71.460000 0.002043
71.491000 0.002038
71.522000 0.002033
71.553000 0.002028
71.584000 0.002023
71.615000 0.002018
71.646000 0.002013
71.677000 0.002008
71.708000 0.002003
71.739000 0.001997
71.770000 0.001992
71.801000 0.001987
71.832000 0.001982
71.863000 0.001977
71.894000 0.001971
71.925000 0.001966
71.956000 0.001961
71.987000 0.001955
72.018000 0.001950
72.049000 0.001945
72.080000 0.001939
72.111000 0.001934
72.142000 0.001928
72.173000 0.001922
72.204000 0.001917
72.235000 0.001911
72.266000 0.001905
72.297000 0.001900
72.328000 0.001894
72.359000 0.001888
72.390000 0.001882
72.421000 0.001876
72.452000 0.001870
72.483000 0.001863
72.514000 0.001857
72.545000 0.001851
72.576000 0.001845
72.607000 0.001838
72.638000 0.001831
72.669000 0.001825
72.700000 0.001818
72.731000 0.001811
72.762000 0.001804
72.793000 0.001797
72.824000 0.001790
72.855000 0.001783
72.886000 0.001776
72.917000 0.001768
72.948000 0.001761
72.979000 0.001753
73.010000 0.001745
73.041000 0.001738
73.072000 0.001730
73.103000 0.001722
73.134000 0.001713
73.165000 0.001705
73.196000 0.001697
73.227000 0.001688
73.258000 0.001679
73.289000 0.001671
73.320000 0.001662
73.351000 0.001653
73.382000 0.001643
73.413000 0.001634
73.444000 0.001625
73.475000 0.001615
73.506000 0.001605
73.537000 0.001596
73.568000 0.001586
73.599000 0.001576
73.630000 0.001566
73.661000 0.001555
73.692000 0.001545
73.723000 0.001535
73.754000 0.001524
73.785000 0.001514
73.816000 0.001503
73.847000 0.001492
73.878000 0.001481
73.909000 0.001470
73.940000 0.001459
73.971000 0.001448
74.002000 0.001437
74.033000 0.001426
74.064000 0.001415
74.095000 0.001404
74.126000 0.001393
74.157000 0.001382
74.188000 0.001371
74.219000 0.001359
74.250000 0.001348
74.281000 0.001337
74.312000 0.001326
74.343000 0.001315
74.374000 0.001304
74.405000 0.001293
74.436000 0.001282
74.467000 0.001271
74.498000 0.001260
74.529000 0.001249
74.560000 0.001239
74.591000 0.001228
74.622000 0.001217
74.653000 0.001207
74.684000 0.001197
74.715000 0.001186
74.746000 0.001176
74.777000 0.001166
74.808000 0.001156
74.839000 0.001147
74.870000 0.001137
74.901000 0.001127
74.932000 0.001118
74.963000 0.001109
74.994000 0.001100
75.025000 0.001091
75.056000 0.001082
75.087000 0.001073
75.118000 0.001064
75.149000 0.001056
75.180000 0.001048
75.211000 0.001040
75.242000 0.001032
75.273000 0.001024
75.304000 0.001016
75.335000 0.001008
75.366000 0.001001
75.397000 0.000994
75.428000 0.000987
75.459000 0.000980
75.490000 0.000973
75.521000 0.000966
75.552000 0.000959
75.583000 0.000953
75.614000 0.000947
75.645000 0.000940
75.676000 0.000934
75.707000 0.000928
75.738000 0.000923
75.769000 0.000917
75.800000 0.000911
75.831000 0.000906
75.862000 0.000900
75.893000 0.000895
75.924000 0.000890
75.955000 0.000885
75.986000 0.000880
76.017000 0.000875
76.048000 0.000870
76.079000 0.000865
76.110000 0.000861
76.141000 0.000856
76.172000 0.000852
76.203000 0.000847
76.234000 0.000843
76.265000 0.000839
76.296000 0.000835
76.327000 0.000831
76.358000 0.000827
76.389000 0.000823
76.420000 0.000819
76.451000 0.000815
76.482000 0.000811
76.513000 0.000808
76.544000 0.000804
76.575000 0.000800
76.606000 0.000797
76.637000 0.000793
76.668000 0.000790
76.699000 0.000787
76.730000 0.000783
76.761000 0.000780
76.792000 0.000777
76.823000 0.000773
76.854000 0.000770
76.885000 0.000767
76.916000 0.000764
76.947000 0.000761
76.978000 0.000758
77.009000 0.000755
77.040000 0.000752
77.071000 0.000749
77.102000 0.000746
77.133000 0.000743
77.164000 0.000740
77.195000 0.000737
77.226000 0.000735
77.257000 0.000732
77.288000 0.000729
77.319000 0.000726
77.350000 0.000724
77.381000 0.000721
77.412000 0.000718
77.443000 0.000716
77.474000 0.000713
77.505000 0.000710
77.536000 0.000708
77.567000 0.000705
77.598000 0.000703
77.629000 0.000700
77.660000 0.000698
77.691000 0.000695
77.722000 0.000693
77.753000 0.000690
77.784000 0.000688
77.815000 0.000685
77.846000 0.000683
77.877000 0.000681
77.908000 0.000678
77.939000 0.000676
77.970000 0.000674
78.001000 0.000671
78.032000 0.000669
78.063000 0.000667
78.094000 0.000664
78.125000 0.000662
78.156000 0.000660
78.187000 0.000658
78.218000 0.000655
78.249000 0.000653
78.280000 0.000651
78.311000 0.000649
78.342000 0.000647
78.373000 0.000644
78.404000 0.000642
78.435000 0.000640
78.466000 0.000638
78.497000 0.000636
78.528000 0.000634
78.559000 0.000632
78.590000 0.000630
78.621000 0.000627
78.652000 0.000625
78.683000 0.000623
78.714000 0.000621
78.745000 0.000619
78.776000 0.000617
78.807000 0.000615
78.838000 0.000613
78.869000 0.000611
78.900000 0.000609
78.931000 0.000607
78.962000 0.000605
78.993000 0.000603
79.024000 0.000601
79.055000 0.000599
79.086000 0.000597
79.117000 0.000595
79.148000 0.000593
79.179000 0.000591
79.210000 0.000589
79.241000 0.000587
79.272000 0.000585
79.303000 0.000584
79.334000 0.000582
79.365000 0.000580
79.396000 0.000578
79.427000 0.000576
79.458000 0.000574
79.489000 0.000572
79.520000 0.000570
79.551000 0.000568
79.582000 0.000566
79.613000 0.000563
79.644000 0.000561
79.675000 0.000559
79.706000 0.000557
79.737000 0.000555
79.768000 0.000553
79.799000 0.000551
79.830000 0.000549
79.861000 0.000546
79.892000 0.000544
79.923000 0.000542
79.954000 0.000540
79.985000 0.000537
80.016000 0.000535
80.047000 0.000532
80.078000 0.000530
80.109000 0.000527
80.140000 0.000525
80.171000 0.000522
80.202000 0.000520
80.233000 0.000517
80.264000 0.000514
80.295000 0.000511
80.326000 0.000508
80.357000 0.000505
80.388000 0.000502
80.419000 0.000499
80.450000 0.000496
80.481000 0.000493
80.512000 0.000490
80.543000 0.000486
80.574000 0.000483
80.605000 0.000479
80.636000 0.000476
80.667000 0.000472
80.698000 0.000468
80.729000 0.000465
80.760000 0.000461
80.791000 0.000457
80.822000 0.000453
80.853000 0.000448
80.884000 0.000444
80.915000 0.000440
80.946000 0.000435
80.977000 0.000431
81.008000 0.000426
81.039000 0.000421
81.070000 0.000416
81.101000 0.000411
81.132000 0.000406
81.163000 0.000401
81.194000 0.000396
81.225000 0.000391
81.256000 0.000386
81.287000 0.000380
81.318000 0.000375
81.349000 0.000369
81.380000 0.000363
81.411000 0.000358
81.442000 0.000352
81.473000 0.000346
81.504000 0.000340
81.535000 0.000334
81.566000 0.000328
81.597000 0.000322
81.628000 0.000316
81.659000 0.000310
81.690000 0.000303
81.721000 0.000297
81.752000 0.000291
81.783000 0.000285
81.814000 0.000278
81.845000 0.000272
81.876000 0.000266
81.907000 0.000259
81.938000 0.000253
81.969000 0.000247

Sticks
53.480000 0.000581
53.759000 0.002338
53.790000 0.000412
54.255000 0.000157
54.286000 0.000356
54.348000 0.002501
54.441000 0.012181
54.534000 0.002447
54.565000 0.011421
54.627000 0.019412
54.658000 0.001560
54.720000 0.000232
54.906000 0.011792
55.061000 0.000121
55.123000 0.009529
55.154000 0.003756
55.216000 0.015187
55.402000 0.009451
55.464000 0.000070
55.495000 0.012988
55.681000 0.000120
55.929000 0.000053
55.991000 0.000005
56.084000 0.000007
56.115000 0.000001
56.208000 0.000037
56.239000 0.000023
56.270000 0.000020
56.332000 0.000017
56.394000 0.000027
56.642000 0.000001
56.735000 0.000005
56.766000 0.000254
56.797000 0.001579
56.890000 0.000463
56.921000 0.001327
57.014000 0.007544
57.076000 0.000076
57.200000 0.000732
57.231000 0.002188
57.262000 0.008392
57.417000 0.002389
57.479000 0.000780
57.510000 0.000400
57.572000 0.000025
57.603000 0.000095
57.634000 0.000102
57.665000 0.001884
57.758000 0.002106
57.789000 0.000658
57.820000 0.001391
57.851000 0.002223
57.944000 0.001224
58.006000 0.000385
58.099000 0.000144
58.161000 0.000152
58.285000 0.000637
58.316000 0.000088
58.347000 0.000054
58.440000 0.000295
58.471000 0.000631
58.533000 0.000015
58.595000 0.001446
58.657000 0.000025
58.688000 0.001449
58.750000 0.000166
58.905000 0.000627
58.967000 0.000080
59.029000 0.000294
59.060000 0.001209
59.122000 0.002123
59.246000 0.006454
59.308000 0.000006
59.339000 0.005033
59.370000 0.016171
59.463000 0.005844
59.525000 0.020063
59.587000 0.000085
59.680000 0.003887
59.711000 0.000001
59.804000 0.006140
59.835000 0.002209
59.866000 0.072070
59.897000 0.280432
59.928000 0.067689
59.959000 0.018673
59.990000 0.011514
60.021000 0.004656
60.052000 0.014393
60.083000 0.013757
60.114000 0.434299
60.145000 0.045518
60.176000 0.000952
60.238000 0.026614
60.331000 0.007130
60.362000 0.395513
60.393000 0.284725
60.455000 0.020244
60.486000 0.016497
60.517000 0.001777
60.548000 0.010491
60.579000 0.018156
60.641000 0.008550
60.703000 0.000361
60.765000 0.000073
60.796000 0.003148
60.889000 0.000136
60.920000 0.000002
61.013000 0.002336
61.044000 0.000022
61.075000 0.001338
61.137000 0.000627
61.199000 0.001251
61.385000 0.000092
61.447000 0.000001
61.478000 0.000884
61.540000 0.000075
61.571000 0.000152
61.602000 0.000069
61.633000 0.000055
61.819000 0.000118
61.850000 0.000086
61.943000 0.000022
61.974000 0.000025
62.036000 0.000185
62.067000 0.000003
62.129000 0.000029
62.346000 0.000010
62.377000 0.000072
62.408000 0.000091
62.532000 0.000001
62.594000 0.000305
62.656000 0.000062
62.718000 0.000004
62.749000 0.000100
62.780000 0.000062
62.873000 0.000008
62.904000 0.000143
62.935000 0.000063
62.966000 0.000001
63.059000 0.000005
63.090000 0.000018
63.152000 0.000106
63.183000 0.000478
63.214000 0.000006
63.276000 0.000050
63.338000 0.000016
63.369000 0.000007
63.431000 0.000061
63.462000 0.000020
63.586000 0.000003
63.617000 0.000415
63.679000 0.000209
63.865000 0.000113
63.927000 0.000005
63.989000 0.000098
64.020000 0.000001
64.082000 0.000028
64.237000 0.000095
64.299000 0.000007
64.423000 0.000010
64.454000 0.000063
64.485000 0.000001
64.578000 0.000095
64.609000 0.000014
64.702000 0.000008
64.733000 0.000028
64.795000 0.000017
64.826000 0.000003
64.919000 0.000018
64.981000 0.000001
65.043000 0.000010
65.074000 0.000006
65.229000 0.000017
65.291000 0.000001
65.601000 0.000012
65.663000 0.000009
65.694000 0.000006
65.756000 0.000009
66.035000 0.000063
66.066000 0.000014
66.128000 0.000005
66.190000 0.000078
66.221000 0.000043
66.252000 0.000038
66.345000 0.000008
66.376000 0.000154
66.469000 0.000064
66.531000 0.000023
66.593000 0.000117
66.624000 0.000208
66.717000 0.000001
66.841000 0.000013
66.872000 0.000010
66.965000 0.000006
66.996000 0.000005
67.151000 0.000005
67.244000 0.000033
67.275000 0.000064
67.399000 0.000099
67.492000 0.000009
67.585000 0.000037
67.864000 0.000078
68.143000 0.000063
68.329000 0.000017
68.515000 0.000020
68.546000 0.000203
68.701000 0.000001
68.732000 0.000002
68.887000 0.000065
68.918000 0.000007
69.166000 0.000002
69.197000 0.000003
69.631000 0.000002
69.879000 0.000004
70.065000 0.000004
70.096000 0.000003
70.282000 0.000002
70.313000 0.000021
70.437000 0.000030
70.716000 0.000137
70.778000 0.000001
70.840000 0.000066
70.933000 0.000169
71.026000 0.000011
71.119000 0.000010
71.243000 0.000021
71.274000 0.000001
71.491000 0.000035
71.584000 0.000022
71.832000 0.000261
71.863000 0.000245
71.987000 0.000023
72.018000 0.000032
72.235000 0.000007
72.328000 0.000074
72.452000 0.000073
72.607000 0.000009
72.638000 0.000116
72.793000 0.000001
72.979000 0.000009
73.413000 0.000525
73.537000 0.000038
73.568000 0.000150
73.661000 0.000243
73.878000 0.000005
74.095000 0.000001
74.932000 0.000003
75.707000 0.000001
