  -6.8750000e+00   7.9094725e-04   9.2576780e-04   7.4600706e-04   1.6897509e-03   1.2763012e-03   1.7886193e-03   1.6627868e-03   1.1414807e-03   1.4830261e-03
  -6.3750000e+00   9.1012920e-04   2.2574773e-03   1.5436505e-03   8.2357770e-03   3.2568349e-03   1.0752017e-02   8.6908416e-03   1.5793419e-03   2.1147120e-03
  -5.3750000e+00   1.0956317e-03   1.0778166e-02   7.5179933e-03   5.9858904e-02   2.8228105e-02   8.5771040e-02   4.6301575e-02   3.2601725e-03   6.5381601e-03
  -3.8750000e+00   1.8253375e-03   4.5277273e-02   3.3506073e-02   1.9182071e-01   1.2146063e-01   2.5472807e-01   1.2467500e-01   8.2807992e-03   4.5802614e-02
  -3.3750000e+00   5.8404038e-03   1.2698427e-01   9.5467455e-02   4.3916098e-01   3.0508988e-01   5.1448972e-01   2.3156845e-01   3.9787751e-02   2.2480213e-01
  -2.3750000e+00   3.0503554e-02   2.3172013e-01   1.5914394e-01   6.6521793e-01   4.5098947e-01   7.1951871e-01   2.7114765e-01   1.5757646e-01   5.8182968e-01
  -1.3750000e+00   1.5341486e-01   3.1004760e-01   1.7653718e-01   7.2908384e-01   4.2867203e-01   7.3157970e-01   2.0844847e-01   4.7514841e-01   9.6012871e-01
   1.2500000e-01   3.5113498e-01   2.9669703e-01   1.2462041e-01   5.8938669e-01   2.5875166e-01   5.5680229e-01   1.0062960e-01   8.5775605e-01   9.9529802e-01
   6.2500000e-01   5.3380824e-01   2.1320136e-01   4.8015439e-02   3.4967050e-01   6.6140178e-02   3.2367511e-01   2.0641570e-02   1.0955062e+00   6.6667556e-01
   1.6250000e+00   5.4753653e-01   1.4960364e-01   1.6938609e-02   2.2571185e-01   1.7667342e-02   2.0235683e-01   4.9767161e-03   1.0331040e+00   3.9709751e-01
   2.6250000e+00   4.3435523e-01   7.4360574e-02   2.3527315e-03   9.7415560e-02   2.6824704e-03   8.2737724e-02   1.6754300e-03   7.1972195e-01   9.5668835e-02
   3.1250000e+00   1.9325560e-01   2.6605268e-02   1.0154002e-03   2.4022232e-02   1.5676355e-03   2.2757435e-02   9.7086514e-04   2.7162847e-01   7.9005264e-03
   4.6250000e+00   3.9287748e-02   5.6417740e-03   7.8308536e-04   3.9243255e-03   1.2280202e-03   4.0667046e-03   9.0766712e-04   4.0524667e-02   2.6696092e-03
   5.6250000e+00   4.5576336e-03   1.2106214e-03   6.9432699e-04   1.7714240e-03   1.1127035e-03   1.6468012e-03   8.9016281e-04   4.8513873e-03   1.9672598e-03
   6.1250000e+00   1.2811958e-03   1.1121491e-03   7.2067263e-04   1.1833267e-03   9.6089684e-04   1.2811958e-03   9.0751368e-04   2.4289337e-03   1.4947284e-03
   7.1250000e+00   1.1352464e+00   1.2236001e+00   5.7845517e-01   2.5858424e+00   1.2905032e+00   2.4879857e+00   5.5123521e-01   2.9380395e+00   4.0493106e+00
   2.8060000e+02   9.7561188e-04   1.5665184e-03   1.0170484e-03   1.7332459e-03   1.0295884e-03   1.8723853e-03   1.0717882e-03   1.1691640e-03   1.2477844e-03
   2.8210000e+02   9.7711270e-04   1.5830995e-03   1.0039727e-03   1.7187095e-03   1.0652264e-03   1.8919889e-03   1.0835698e-03   1.1860962e-03   1.2810888e-03
   2.8310000e+02   9.8397314e-04   1.6403914e-03   1.0017466e-03   1.8179078e-03   1.0582291e-03   1.9361067e-03   1.1428438e-03   1.1892947e-03   1.2965896e-03
   2.8410000e+02   9.7359217e-04   1.7081137e-03   1.1065180e-03   2.1372651e-03   1.1891476e-03   2.2597398e-03   1.4210331e-03   1.2149490e-03   1.3370971e-03
   2.8560000e+02   9.6688351e-04   2.0019677e-03   1.2752551e-03   2.8644291e-03   1.6459536e-03   2.9476405e-03   2.0009887e-03   1.2501285e-03   1.5301103e-03
   2.8610000e+02   9.9848922e-04   2.5330713e-03   1.7706716e-03   4.2101549e-03   2.4306789e-03   4.4162441e-03   2.9406845e-03   1.2812097e-03   1.9624128e-03
   2.8710000e+02   1.0768495e-03   3.6853487e-03   2.5432949e-03   5.9075122e-03   3.4600677e-03   6.4852226e-03   4.1456912e-03   1.6933564e-03   3.0730800e-03
   2.8860000e+02   1.2362854e-03   5.0074122e-03   3.3247991e-03   7.6866825e-03   4.4609949e-03   8.6628002e-03   5.0664226e-03   2.3643306e-03   4.4186117e-03
   2.8910000e+02   1.6921953e-03   6.4449518e-03   3.9707399e-03   9.2426668e-03   5.1290898e-03   1.0676581e-02   5.6211928e-03   3.7401787e-03   6.1018820e-03
   2.9060000e+02   2.2582512e-03   7.6211903e-03   4.3948842e-03   1.0142567e-02   5.3926100e-03   1.1919236e-02   5.9315775e-03   5.3212041e-03   7.1637363e-03
   2.9110000e+02   2.9335349e-03   8.2888658e-03   4.4061694e-03   1.0422198e-02   5.4237801e-03   1.2575086e-02   5.6415136e-03   6.7272474e-03   7.7256271e-03
   2.9260000e+02   3.3724770e-03   8.3380372e-03   4.2844854e-03   1.0376702e-02   5.1206017e-03   1.2341103e-02   5.3746612e-03   7.7028885e-03   7.7680320e-03
   2.9310000e+02   3.5149402e-03   8.1358507e-03   4.0252628e-03   9.8807825e-03   4.8120779e-03   1.2049409e-02   5.2266539e-03   7.9108137e-03   7.3962575e-03
   2.9460000e+02   3.5109677e-03   7.9323190e-03   3.9476002e-03   9.5153966e-03   4.6642505e-03   1.1542595e-02   5.0022255e-03   7.8375688e-03   7.0105394e-03
   2.9510000e+02   3.4540838e-03   7.6811494e-03   3.8590488e-03   9.1724229e-03   4.5517862e-03   1.1201805e-02   4.7905657e-03   7.6318309e-03   6.8284117e-03
   2.9660000e+02   3.2979195e-03   7.3771570e-03   3.7104450e-03   8.6082062e-03   4.4118036e-03   1.0446294e-02   4.4976376e-03   7.2283345e-03   6.7195313e-03
   2.9760000e+02   3.1769024e-03   6.8785964e-03   3.3387530e-03   7.7126325e-03   3.7825650e-03   9.4133138e-03   3.7556080e-03   6.8738137e-03   6.2279330e-03
   2.9810000e+02   3.0968955e-03   6.4810399e-03   3.0406852e-03   7.0936999e-03   3.3466346e-03   8.5996909e-03   3.3752291e-03   6.7024021e-03   5.7492184e-03
   2.9960000e+02   2.9907860e-03   5.5736041e-03   2.5244438e-03   5.9010220e-03   2.7585933e-03   7.2296080e-03   2.8381649e-03   6.2248526e-03   4.7077730e-03
   3.0060000e+02   2.6398592e-03   4.7480645e-03   2.3003936e-03   5.4428529e-03   2.6631020e-03   6.4304582e-03   2.9257249e-03   5.1602999e-03   3.8434386e-03
   3.0110000e+02   2.4065969e-03   4.5257272e-03   2.2972358e-03   5.5375622e-03   2.8863959e-03   6.4905355e-03   3.1897184e-03   4.4688203e-03   3.5963203e-03
   3.0210000e+02   2.1245444e-03   4.7198314e-03   2.6148741e-03   6.1327122e-03   3.3849725e-03   7.0794207e-03   3.6719231e-03   3.7832429e-03   3.8087061e-03
   3.0360000e+02   2.0736050e-03   5.1097803e-03   3.0391120e-03   6.7030790e-03   3.6303586e-03   7.7909467e-03   3.9266345e-03   3.7031224e-03   4.4565377e-03
   3.0410000e+02   2.0974741e-03   5.6115430e-03   3.1207516e-03   6.9174866e-03   3.7249260e-03   8.1581494e-03   3.8819265e-03   4.1649190e-03   5.0964770e-03
   3.0510000e+02   2.2963615e-03   5.7754499e-03   3.0686702e-03   6.8627534e-03   3.5472012e-03   8.2091253e-03   3.6859296e-03   4.8133827e-03   5.1979049e-03
   3.0660000e+02   2.6029802e-03   5.4548190e-03   2.7842798e-03   6.1964451e-03   3.0941157e-03   7.5074271e-03   3.1659719e-03   5.3305257e-03   4.8483654e-03
   3.0710000e+02   2.6302637e-03   5.2615067e-03   2.5427732e-03   5.7487981e-03   2.8756505e-03   6.9885728e-03   2.9289718e-03   5.2201555e-03   4.5128321e-03
   3.0860000e+02   2.5537428e-03   4.8398730e-03   2.3272511e-03   5.2334594e-03   2.5857258e-03   6.2957512e-03   2.6353321e-03   4.8539063e-03   4.0859885e-03
   3.0910000e+02   2.3741740e-03   4.3193828e-03   2.2075538e-03   4.8290444e-03   2.4483363e-03   5.6667192e-03   2.5182514e-03   4.3438857e-03   3.6395071e-03
   3.1060000e+02   2.1789877e-03   4.0547749e-03   2.0484839e-03   4.5264201e-03   2.3219204e-03   5.2665956e-03   2.4292017e-03   3.9733327e-03   3.3172161e-03
   3.1110000e+02   1.9979044e-03   3.8778236e-03   2.0835335e-03   4.3978082e-03   2.2596942e-03   5.1416705e-03   2.3551282e-03   3.5179851e-03   3.1797173e-03
   3.1260000e+02   1.8966091e-03   3.7094914e-03   2.0225264e-03   4.2808617e-03   2.2321706e-03   4.9774951e-03   2.4169583e-03   3.3196383e-03   3.1011636e-03
   3.1360000e+02   1.8335366e-03   3.6706696e-03   2.0414769e-03   4.3490912e-03   2.2772080e-03   5.0150888e-03   2.3517526e-03   3.1701089e-03   3.0262508e-03
   3.1410000e+02   1.7708116e-03   3.6465384e-03   1.9992718e-03   4.2642634e-03   2.3365693e-03   5.0251437e-03   2.4074932e-03   3.1095426e-03   3.1343823e-03
   3.1560000e+02   1.8455543e-03   3.7636371e-03   2.0013924e-03   4.3843758e-03   2.3359379e-03   5.1178276e-03   2.4836084e-03   3.1301568e-03   3.1468188e-03
   3.1810000e+02   1.8189160e-03   3.7653466e-03   2.0363260e-03   4.4285694e-03   2.3617083e-03   5.1904817e-03   2.5217123e-03   3.1265519e-03   3.1311933e-03
   3.1910000e+02   1.8216328e-03   3.8046824e-03   2.1398123e-03   4.6734912e-03   2.4714637e-03   5.3522252e-03   2.6345950e-03   3.1827749e-03   3.2097185e-03
   3.2010000e+02   1.8564955e-03   3.9906573e-03   2.2230444e-03   4.8407961e-03   2.6184863e-03   5.6005831e-03   2.8146156e-03   3.1503127e-03   3.3584400e-03
   3.2110000e+02   1.8403515e-03   4.2174721e-03   2.3494370e-03   5.2126142e-03   2.8085449e-03   6.0306299e-03   3.0398138e-03   3.2598132e-03   3.5557590e-03
   3.2210000e+02   1.9630206e-03   4.4534161e-03   2.5290975e-03   5.5889992e-03   3.0126266e-03   6.3319293e-03   3.1706187e-03   3.5096280e-03   3.7942586e-03
   3.2310000e+02   2.0131301e-03   4.7381461e-03   2.6715939e-03   5.8877009e-03   3.1063222e-03   6.8385158e-03   3.2805566e-03   3.7385651e-03   4.0282206e-03
   3.2460000e+02   2.1536001e-03   4.9289540e-03   2.6685435e-03   5.9855434e-03   3.1401259e-03   7.0793694e-03   3.3826539e-03   3.9735404e-03   4.2878470e-03
   3.2560000e+02   2.2380920e-03   5.1286548e-03   2.7732454e-03   6.1791228e-03   3.2109200e-03   7.2099971e-03   3.4198380e-03   4.2699602e-03   4.3799300e-03
   3.2660000e+02   2.3144646e-03   5.0884869e-03   2.7504805e-03   6.1974093e-03   3.2451059e-03   7.2420818e-03   3.3179387e-03   4.4925822e-03   4.4459888e-03
   3.2810000e+02   2.3643090e-03   5.1951548e-03   2.6538413e-03   6.0872867e-03   3.1220941e-03   7.1409782e-03   3.3010598e-03   4.5405815e-03   4.3775510e-03
   3.2910000e+02   2.3282204e-03   5.0477900e-03   2.6074400e-03   5.9345208e-03   3.0159643e-03   6.9665047e-03   3.1646525e-03   4.4908229e-03   4.2817763e-03
   3.3060000e+02   2.3393042e-03   4.8726366e-03   2.5235941e-03   5.7729733e-03   2.9304724e-03   6.7551439e-03   3.0762185e-03   4.4353980e-03   4.1718928e-03
   3.3160000e+02   2.2973650e-03   4.8220850e-03   2.4586741e-03   5.5522724e-03   2.8402179e-03   6.5306842e-03   2.9637163e-03   4.1901070e-03   4.0818311e-03
   3.3310000e+02   2.2524182e-03   4.6416668e-03   2.4167620e-03   5.5103058e-03   2.8048982e-03   6.4059669e-03   2.9628549e-03   4.1002413e-03   3.8906969e-03
   3.3410000e+02   2.2498806e-03   4.6296046e-03   2.4498099e-03   5.4467817e-03   2.8668825e-03   6.3453568e-03   3.0036115e-03   4.0027661e-03   3.8898909e-03
   3.3560000e+02   2.2099939e-03   4.6684370e-03   2.5198796e-03   5.5929335e-03   2.9184797e-03   6.4623829e-03   3.0659273e-03   3.9004807e-03   3.9051499e-03
   3.3660000e+02   2.1769531e-03   4.6737407e-03   2.5557281e-03   5.6813786e-03   2.9864853e-03   6.6096106e-03   3.1479988e-03   3.9653898e-03   3.9644893e-03
   3.3810000e+02   2.2316770e-03   4.8581759e-03   2.6409856e-03   5.8260790e-03   3.0029057e-03   6.8516830e-03   3.2042452e-03   4.0071480e-03   4.0611660e-03
   3.3960000e+02   2.3146931e-03   4.9600216e-03   2.7138629e-03   6.0315160e-03   3.1282624e-03   6.9799433e-03   3.3201096e-03   4.1319594e-03   4.1611909e-03
   3.4110000e+02   2.3127761e-03   5.0765481e-03   2.7296342e-03   6.0978994e-03   3.2100197e-03   7.0715232e-03   3.3197191e-03   4.2713212e-03   4.2779523e-03
   3.4210000e+02   2.3415382e-03   5.0345038e-03   2.7622680e-03   6.1079545e-03   3.2060986e-03   7.0639352e-03   3.3297126e-03   4.3097771e-03   4.3601565e-03
   3.4360000e+02   2.3960279e-03   5.0681706e-03   2.6957465e-03   5.9778990e-03   3.1847870e-03   7.0570336e-03   3.3372280e-03   4.4129203e-03   4.3189970e-03
   3.4510000e+02   2.3745297e-03   5.0587913e-03   2.7096011e-03   6.0012719e-03   3.1654655e-03   7.0852107e-03   3.2675614e-03   4.4134959e-03   4.2614590e-03
   3.4660000e+02   2.4030781e-03   5.1148423e-03   2.7248003e-03   6.1097707e-03   3.1180984e-03   7.0159058e-03   3.2693669e-03   4.3663708e-03   4.2490455e-03
   3.4810000e+02   2.3617123e-03   5.2164833e-03   2.7637372e-03   6.1573300e-03   3.2122633e-03   7.2194732e-03   3.3719415e-03   4.3186931e-03   4.2628427e-03
   3.4960000e+02   2.3797029e-03   5.2529299e-03   2.8114134e-03   6.2978517e-03   3.2874525e-03   7.2821912e-03   3.4251172e-03   4.2924786e-03   4.3648819e-03
   3.5110000e+02   2.4232801e-03   5.3710988e-03   2.9244018e-03   6.5039841e-03   3.3742529e-03   7.5242217e-03   3.5694760e-03   4.4334366e-03   4.5589019e-03
   3.5260000e+02   2.5244103e-03   5.5017491e-03   2.9820259e-03   6.5149175e-03   3.4381614e-03   7.6992910e-03   3.6022123e-03   4.6501645e-03   4.6814946e-03
   3.5410000e+02   2.5378844e-03   5.5751016e-03   2.9658839e-03   6.4849092e-03   3.3854914e-03   7.6649933e-03   3.4965639e-03   4.6951601e-03   4.6764012e-03
   3.5560000e+02   2.5841589e-03   5.4262885e-03   2.8710678e-03   6.3419237e-03   3.2967318e-03   7.4588898e-03   3.3904719e-03   4.7077796e-03   4.5781759e-03
   3.5760000e+02   2.5254966e-03   5.3058299e-03   2.7931276e-03   6.2521803e-03   3.1922871e-03   7.2181240e-03   3.2972998e-03   4.6019543e-03   4.4260472e-03
   3.5910000e+02   2.5589471e-03   5.2634349e-03   2.7670036e-03   6.1250657e-03   3.1665611e-03   7.0961609e-03   3.3303871e-03   4.4719799e-03   4.2906100e-03
   3.6060000e+02   2.5449778e-03   5.2694265e-03   2.7995991e-03   6.1606013e-03   3.1961163e-03   7.1237129e-03   3.3919028e-03   4.4922133e-03   4.3043373e-03
   3.6210000e+02   2.5317594e-03   5.3224516e-03   2.8040341e-03   6.2378579e-03   3.2139286e-03   7.2367750e-03   3.3478423e-03   4.3314408e-03   4.3126633e-03
   3.6410000e+02   2.5630589e-03   5.4062012e-03   2.9146476e-03   6.4194000e-03   3.3372467e-03   7.2720210e-03   3.4055356e-03   4.3828580e-03   4.4308582e-03
   3.6560000e+02   2.5570158e-03   5.5353763e-03   2.9333313e-03   6.4045389e-03   3.4036638e-03   7.4270978e-03   3.4293948e-03   4.4729838e-03   4.4680356e-03
   3.6710000e+02   2.6207976e-03   5.4980072e-03   2.8908222e-03   6.4687097e-03   3.3640458e-03   7.4107019e-03   3.4954694e-03   4.5928928e-03   4.5320073e-03
   3.6910000e+02   2.5937404e-03   5.5286453e-03   2.9608819e-03   6.4108733e-03   3.3502893e-03   7.5471810e-03   3.4314365e-03   4.5823407e-03   4.5568586e-03
   3.7060000e+02   2.6226023e-03   5.6064220e-03   2.9273718e-03   6.4989436e-03   3.3487509e-03   7.5296141e-03   3.5052207e-03   4.5967956e-03   4.5750087e-03
   3.7260000e+02   2.6258947e-03   5.6995876e-03   2.9325956e-03   6.4426999e-03   3.3902954e-03   7.5509324e-03   3.5462450e-03   4.6297236e-03   4.4903591e-03
   3.7410000e+02   2.7147983e-03   5.6561193e-03   3.0426111e-03   6.6306877e-03   3.4758077e-03   7.5748629e-03   3.5731281e-03   4.6347825e-03   4.5828038e-03
   3.7610000e+02   2.7447472e-03   5.7882897e-03   3.1326351e-03   6.7380317e-03   3.4895018e-03   7.7994498e-03   3.5766091e-03   4.6285967e-03   4.6117213e-03
   3.7760000e+02   2.7626629e-03   5.8467981e-03   3.0982311e-03   6.8932443e-03   3.5996584e-03   7.9356544e-03   3.6971496e-03   4.7085735e-03   4.7393112e-03
   3.8010000e+02   2.8008587e-03   6.0041728e-03   3.0905620e-03   6.8230535e-03   3.5279110e-03   8.0191197e-03   3.7285799e-03   4.8395853e-03   4.7047919e-03
   3.8160000e+02   2.8240065e-03   6.0148059e-03   3.1050653e-03   6.8515210e-03   3.5200680e-03   8.0351485e-03   3.6644492e-03   4.8786428e-03   4.7113992e-03
   3.8360000e+02   2.8451449e-03   6.0086016e-03   3.0818255e-03   6.8928564e-03   3.5711148e-03   7.8749191e-03   3.6313427e-03   4.9120561e-03   4.7049917e-03
   3.8560000e+02   2.9065147e-03   5.9981069e-03   3.1448270e-03   6.8687678e-03   3.5430921e-03   7.9463971e-03   3.6712036e-03   4.8744569e-03   4.7197281e-03
   3.8710000e+02   2.9131787e-03   6.0387093e-03   3.0919227e-03   6.8975767e-03   3.5514790e-03   7.9404160e-03   3.5895679e-03   4.8340544e-03   4.7528976e-03
   3.8910000e+02   2.9172205e-03   5.9516374e-03   3.1304633e-03   6.8802511e-03   3.5564511e-03   7.8738081e-03   3.6928070e-03   4.8003257e-03   4.6990540e-03
   3.9110000e+02   2.9019795e-03   6.0344132e-03   3.2338336e-03   6.9771579e-03   3.5669334e-03   7.9460622e-03   3.7191577e-03   4.8054069e-03   4.6913009e-03
   3.9310000e+02   2.9957144e-03   6.0755767e-03   3.1963748e-03   7.0724055e-03   3.6756194e-03   7.9024323e-03   3.7291454e-03   4.8337731e-03   4.7279658e-03
   3.9510000e+02   2.9324476e-03   6.1854099e-03   3.2718893e-03   7.1447125e-03   3.6813113e-03   8.1172142e-03   3.7064644e-03   4.9133129e-03   4.7990034e-03
   3.9710000e+02   6.1885854e-03   1.2615798e-02   6.6882802e-03   1.4441778e-02   7.4315887e-03   1.6241826e-02   7.6240859e-03   9.8552581e-03   9.6984177e-03
   3.9910000e+02   3.1055350e-03   6.3609976e-03   3.3137608e-03   7.1922778e-03   3.6806526e-03   8.2808441e-03   3.8118548e-03   4.9685814e-03   4.9267615e-03
   4.0110000e+02   3.1468373e-03   6.4709524e-03   3.3808790e-03   7.2509250e-03   3.7253294e-03   8.2336255e-03   3.8573209e-03   4.9315921e-03   4.8553664e-03
   4.0310000e+02   3.1635611e-03   6.5076721e-03   3.3683937e-03   7.3423349e-03   3.7706294e-03   8.2417682e-03   3.8058070e-03   4.9924945e-03   4.8792333e-03
   4.0560000e+02   3.2443949e-03   6.5159523e-03   3.4176865e-03   7.3133826e-03   3.7980358e-03   8.3047878e-03   3.8281887e-03   5.0139177e-03   4.9074358e-03
   4.0760000e+02   3.2850594e-03   6.5586344e-03   3.3895432e-03   7.3811475e-03   3.7513042e-03   8.3353577e-03   3.8564121e-03   5.0358178e-03   4.9334562e-03
   4.0960000e+02   3.3241789e-03   6.5944076e-03   3.4366999e-03   7.3519577e-03   3.7745128e-03   8.2736062e-03   3.8449477e-03   5.0619484e-03   4.9295707e-03
   4.1160000e+02   3.3679727e-03   6.6277078e-03   3.4546126e-03   7.3145855e-03   3.7574780e-03   8.2263026e-03   3.8270147e-03   4.9955307e-03   4.9234972e-03
   4.1410000e+02   3.3913672e-03   6.6145209e-03   3.4526833e-03   7.2906214e-03   3.7548930e-03   8.1735233e-03   3.7772465e-03   4.9998220e-03   4.8393512e-03
   4.1610000e+02   3.4012586e-03   6.6206036e-03   3.4318690e-03   7.1950805e-03   3.7652106e-03   8.1263879e-03   3.7720823e-03   4.9092919e-03   4.8342025e-03
   4.1860000e+02   3.4935987e-03   6.7355406e-03   3.5179413e-03   7.3079541e-03   3.7880614e-03   8.1884401e-03   3.7750020e-03   4.9111977e-03   4.8105000e-03
   4.2060000e+02   3.5272525e-03   6.7707276e-03   3.5367660e-03   7.4029993e-03   3.8627283e-03   8.2101440e-03   3.8420740e-03   4.8822993e-03   4.8130761e-03
   4.2260000e+02   3.5503294e-03   6.8911381e-03   3.5972930e-03   7.5012902e-03   3.8508969e-03   8.3696801e-03   3.9027448e-03   4.8891075e-03   4.8536655e-03
   4.2510000e+02   3.6067158e-03   6.9672885e-03   3.6253801e-03   7.5674266e-03   3.9203759e-03   8.4581763e-03   3.9342802e-03   4.9534251e-03   4.8984344e-03
   4.2710000e+02   3.7246733e-03   7.0980074e-03   3.7250495e-03   7.6870838e-03   3.9683037e-03   8.5343357e-03   3.9808426e-03   5.0555497e-03   4.9246439e-03
   4.2960000e+02   3.8019881e-03   7.3181530e-03   3.7820469e-03   7.8033877e-03   4.0243508e-03   8.7243179e-03   4.0296183e-03   5.1468246e-03   5.0764662e-03
   4.3210000e+02   3.8982786e-03   7.4650667e-03   3.8928793e-03   8.0298562e-03   4.1388604e-03   8.8550668e-03   4.0861233e-03   5.1514133e-03   5.1458885e-03
   4.3410000e+02   3.9913798e-03   7.5937856e-03   3.9585884e-03   8.1198301e-03   4.1712927e-03   8.9369768e-03   4.1746850e-03   5.2655959e-03   5.2546655e-03
   4.3660000e+02   4.1226465e-03   7.8185516e-03   4.0887541e-03   8.3212673e-03   4.2420887e-03   9.1475353e-03   4.2656496e-03   5.4100522e-03   5.2772546e-03
   4.3910000e+02   4.2293157e-03   7.9583114e-03   4.1496622e-03   8.4967595e-03   4.3915171e-03   9.3419935e-03   4.3235662e-03   5.4743276e-03   5.3992041e-03
   4.4160000e+02   4.3044886e-03   8.0957928e-03   4.2352175e-03   8.5419690e-03   4.3571648e-03   9.3377695e-03   4.3655880e-03   5.5326363e-03   5.4377186e-03
   4.4360000e+02   4.3677192e-03   8.2089643e-03   4.2737599e-03   8.6183042e-03   4.3793066e-03   9.4175875e-03   4.3052476e-03   5.4963636e-03   5.4582005e-03
   4.4610000e+02   4.4962295e-03   8.3716681e-03   4.3205887e-03   8.7184139e-03   4.4641001e-03   9.4421450e-03   4.3575060e-03   5.6034977e-03   5.4710741e-03
   4.4860000e+02   4.5546079e-03   8.5415721e-03   4.3900881e-03   8.8014329e-03   4.5041702e-03   9.5418978e-03   4.3648063e-03   5.5715366e-03   5.4432413e-03
   4.5110000e+02   4.5842063e-03   8.6893754e-03   4.4606081e-03   8.9158041e-03   4.5668371e-03   9.5808677e-03   4.5049121e-03   5.6296298e-03   5.4673916e-03
   4.5360000e+02   4.7329418e-03   8.9240526e-03   4.5710995e-03   9.1113959e-03   4.6334631e-03   9.7693696e-03   4.5449674e-03   5.6782425e-03   5.6067895e-03
   4.5610000e+02   4.8311624e-03   9.0935741e-03   4.7031462e-03   9.3316793e-03   4.7295322e-03   9.9221449e-03   4.5919210e-03   5.7140202e-03   5.6452146e-03
   4.5860000e+02   4.9985650e-03   9.3229308e-03   4.8447184e-03   9.4615064e-03   4.8021865e-03   1.0075505e-02   4.6595723e-03   5.8325426e-03   5.7604783e-03
   4.6110000e+02   5.1006164e-03   9.5860742e-03   4.9529481e-03   9.5523756e-03   4.8702790e-03   1.0265980e-02   4.7304358e-03   5.9266757e-03   5.7892306e-03
   4.6360000e+02   5.1289276e-03   9.7723787e-03   5.0038595e-03   9.6942270e-03   4.9402506e-03   1.0369392e-02   4.7586554e-03   5.9950458e-03   5.8277405e-03
   4.6660000e+02   5.2751684e-03   9.9238716e-03   5.0958159e-03   9.8546167e-03   4.9863526e-03   1.0372126e-02   4.7243002e-03   5.9816698e-03   5.8639618e-03
   4.6860000e+02   5.2252977e-03   9.9595866e-03   5.0975483e-03   9.6922994e-03   4.9270022e-03   1.0123854e-02   4.6661217e-03   5.8686577e-03   5.7624347e-03
   4.7160000e+02   5.7754510e-03   1.0936715e-02   5.5312610e-03   1.0600921e-02   5.3125241e-03   1.0971050e-02   5.0609103e-03   6.3545074e-03   6.2207464e-03
   4.7410000e+02   5.6886037e-03   1.0866132e-02   5.5559513e-03   1.0516435e-02   5.3413328e-03   1.0891922e-02   5.0479400e-03   6.2314698e-03   6.1103080e-03
   4.7660000e+02   5.7233770e-03   1.0881310e-02   5.5891675e-03   1.0579496e-02   5.3528830e-03   1.0874127e-02   4.9963770e-03   6.2047673e-03   6.1140340e-03
   4.7960000e+02   5.8969060e-03   1.1174360e-02   5.7259574e-03   1.0741879e-02   5.5135018e-03   1.1033312e-02   5.0549054e-03   6.3359474e-03   6.1761010e-03
   4.8210000e+02   5.9577832e-03   1.1433897e-02   5.8268318e-03   1.0883094e-02   5.5191339e-03   1.1130363e-02   5.0754383e-03   6.3140517e-03   6.1795679e-03
   4.8510000e+02   6.1073597e-03   1.1618744e-02   5.9872807e-03   1.1120625e-02   5.6280540e-03   1.1185652e-02   5.1520312e-03   6.3452448e-03   6.2288276e-03
   4.8760000e+02   6.1769929e-03   1.1870477e-02   6.0927451e-03   1.1332402e-02   5.7357971e-03   1.1376231e-02   5.2388993e-03   6.4352938e-03   6.2446943e-03
   4.9060000e+02   6.2741920e-03   1.2272601e-02   6.2314811e-03   1.1570596e-02   5.8152717e-03   1.1507227e-02   5.2947565e-03   6.4853384e-03   6.2786279e-03
   4.9310000e+02   6.4345896e-03   1.2518328e-02   6.4186188e-03   1.1741716e-02   5.9682673e-03   1.1691142e-02   5.4111901e-03   6.5190068e-03   6.4366177e-03
   4.9610000e+02   6.5402363e-03   1.2854712e-02   6.5533098e-03   1.2160843e-02   6.0841449e-03   1.1903647e-02   5.4644022e-03   6.6345431e-03   6.5334880e-03
   4.9860000e+02   6.6452167e-03   1.3184807e-02   6.6888148e-03   1.2325809e-02   6.2411398e-03   1.2126631e-02   5.5628904e-03   6.6434372e-03   6.5726380e-03
   5.0160000e+02   6.8184255e-03   1.3465513e-02   6.8434839e-03   1.2683488e-02   6.4080785e-03   1.2221243e-02   5.6893989e-03   6.7952751e-03   6.6557368e-03
   5.0460000e+02   6.9292216e-03   1.3749608e-02   6.9426989e-03   1.2810268e-02   6.5165121e-03   1.2468251e-02   5.7751354e-03   6.7766488e-03   6.6849779e-03
   5.0760000e+02   7.0271831e-03   1.4150582e-02   7.1802616e-03   1.3195201e-02   6.7226198e-03   1.2589985e-02   5.7987727e-03   6.8940788e-03   6.7247660e-03
   5.1010000e+02   7.1151642e-03   1.4432450e-02   7.3398429e-03   1.3502767e-02   6.8271473e-03   1.2974014e-02   5.9216783e-03   7.0027611e-03   6.8864074e-03
   5.1310000e+02   7.3699896e-03   1.5080592e-02   7.5401684e-03   1.4104934e-02   7.1293921e-03   1.3262078e-02   6.1413604e-03   7.1314332e-03   7.0555289e-03
   5.2210000e+02   7.6421839e-03   1.6002357e-02   8.0076134e-03   1.5099452e-02   7.5813919e-03   1.4026024e-02   6.4314235e-03   7.5031581e-03   7.3148553e-03
   5.2460000e+02   7.7981753e-03   1.6252853e-02   8.1717505e-03   1.5469670e-02   7.7724494e-03   1.4331238e-02   6.5656226e-03   7.5386860e-03   7.4648690e-03
   5.2810000e+02   7.9572485e-03   1.6756239e-02   8.4512802e-03   1.6005727e-02   8.0060142e-03   1.4756408e-02   6.7538838e-03   7.7051064e-03   7.5050990e-03
   5.3110000e+02   8.0611161e-03   1.7277987e-02   8.6214411e-03   1.6421389e-02   8.2086593e-03   1.5111477e-02   6.8965424e-03   7.8662573e-03   7.6607144e-03
   5.3410000e+02   8.1588214e-03   1.7576932e-02   8.8116290e-03   1.6867617e-02   8.4338932e-03   1.5439144e-02   7.1427020e-03   7.9714808e-03   7.8549019e-03
   5.3710000e+02   8.3536116e-03   1.7796648e-02   8.9775701e-03   1.7353242e-02   8.6722937e-03   1.5883028e-02   7.2126007e-03   8.1270724e-03   7.9197084e-03
   5.4010000e+02   8.3732671e-03   1.8270891e-02   9.0707705e-03   1.7626180e-02   8.7874575e-03   1.6159029e-02   7.4752886e-03   8.1950294e-03   8.0909725e-03
   5.4310000e+02   8.5148780e-03   1.8648079e-02   9.2983922e-03   1.8187278e-02   9.1166536e-03   1.6729123e-02   7.6207921e-03   8.3212500e-03   8.2905073e-03
   5.4660000e+02   8.6610709e-03   1.8940725e-02   9.4281597e-03   1.8618879e-02   9.3080825e-03   1.7069386e-02   7.7039911e-03   8.5211706e-03   8.3151854e-03
   5.4960000e+02   8.7784964e-03   1.9348030e-02   9.6704437e-03   1.9017100e-02   9.5226645e-03   1.7438463e-02   7.9576328e-03   8.6499335e-03   8.5103170e-03
   5.5260000e+02   8.8462794e-03   1.9602764e-02   9.8490689e-03   1.9627118e-02   9.8383394e-03   1.7858441e-02   8.1784911e-03   8.7248479e-03   8.7083277e-03
   5.5560000e+02   9.0008146e-03   2.0048393e-02   1.0068780e-02   1.9955986e-02   1.0026839e-02   1.8364608e-02   8.3722085e-03   8.9989392e-03   8.7646824e-03
   5.5910000e+02   9.0568527e-03   2.0526352e-02   1.0147723e-02   2.0479420e-02   1.0258653e-02   1.8922472e-02   8.5597148e-03   9.1217042e-03   9.0392746e-03
   5.6210000e+02   9.2131519e-03   2.0788458e-02   1.0380901e-02   2.1067323e-02   1.0566127e-02   1.9380290e-02   8.8100616e-03   9.4258893e-03   9.1876918e-03
   5.6560000e+02   9.3921950e-03   2.1133507e-02   1.0580217e-02   2.1662667e-02   1.0712458e-02   1.9851571e-02   9.1111857e-03   9.5938889e-03   9.4444128e-03
   5.6860000e+02   9.4652716e-03   2.1599828e-02   1.0766165e-02   2.2184401e-02   1.1027267e-02   2.0504158e-02   9.3289110e-03   9.7928447e-03   9.6125684e-03
   5.7160000e+02   9.5335432e-03   2.1966748e-02   1.0909676e-02   2.2597237e-02   1.1256846e-02   2.1021209e-02   9.5187767e-03   9.9711174e-03   9.9845170e-03
   5.7510000e+02   9.6470085e-03   2.2415043e-02   1.1021880e-02   2.3300342e-02   1.1621538e-02   2.1652137e-02   9.8102564e-03   1.0326667e-02   1.0200342e-02
   5.7860000e+02   9.7566105e-03   2.2720857e-02   1.1239465e-02   2.3649073e-02   1.1715113e-02   2.2219050e-02   1.0057011e-02   1.0607888e-02   1.0421869e-02
   5.8210000e+02   9.8843206e-03   2.3083620e-02   1.1484407e-02   2.4292621e-02   1.2013949e-02   2.2881566e-02   1.0405581e-02   1.0857429e-02   1.0697203e-02
   5.8510000e+02   9.9779553e-03   2.3429978e-02   1.1741771e-02   2.4867111e-02   1.2341574e-02   2.3528377e-02   1.0737250e-02   1.1194161e-02   1.1017900e-02
   5.8860000e+02   1.0090197e-02   2.3788462e-02   1.1759119e-02   2.5397828e-02   1.2612062e-02   2.4338152e-02   1.0942456e-02   1.1446624e-02   1.1347878e-02
   5.9210000e+02   1.0263040e-02   2.4333719e-02   1.2044232e-02   2.5990280e-02   1.2913417e-02   2.4862166e-02   1.1348289e-02   1.1721883e-02   1.1692970e-02
   5.9510000e+02   1.0348725e-02   2.4583212e-02   1.2223523e-02   2.6390301e-02   1.3141794e-02   2.5545051e-02   1.1560341e-02   1.2162176e-02   1.1914498e-02
   5.9860000e+02   1.0401684e-02   2.5015256e-02   1.2426930e-02   2.7129690e-02   1.3425318e-02   2.6384287e-02   1.1866935e-02   1.2498452e-02   1.2318362e-02
   6.0210000e+02   1.0495457e-02   2.5388232e-02   1.2578108e-02   2.7478091e-02   1.3711416e-02   2.6923964e-02   1.2185294e-02   1.2845475e-02   1.2680044e-02
   6.0560000e+02   1.0703267e-02   2.5828955e-02   1.2682496e-02   2.8054771e-02   1.4012521e-02   2.7662809e-02   1.2485742e-02   1.3215022e-02   1.2984587e-02
   6.0910000e+02   1.0794563e-02   2.6134476e-02   1.3018404e-02   2.8751053e-02   1.4189390e-02   2.8550215e-02   1.2725744e-02   1.3575353e-02   1.3320522e-02
   6.1260000e+02   1.0803246e-02   2.6472888e-02   1.3014430e-02   2.9249872e-02   1.4504456e-02   2.9129994e-02   1.3191835e-02   1.3994116e-02   1.3698385e-02
   6.1610000e+02   1.0901442e-02   2.6852840e-02   1.3304134e-02   2.9655694e-02   1.4760723e-02   2.9887013e-02   1.3449913e-02   1.4484482e-02   1.4168311e-02
   6.1960000e+02   1.0975315e-02   2.7087312e-02   1.3414408e-02   3.0062857e-02   1.5037026e-02   3.0509413e-02   1.3646727e-02   1.4735992e-02   1.4583753e-02
   6.2310000e+02   1.1019554e-02   2.7533166e-02   1.3601701e-02   3.0961057e-02   1.5199909e-02   3.1341953e-02   1.4037183e-02   1.5270388e-02   1.5065861e-02
   6.2660000e+02   1.1190902e-02   2.7759512e-02   1.3730256e-02   3.1087891e-02   1.5392566e-02   3.1731186e-02   1.4260629e-02   1.5638691e-02   1.5344486e-02
   6.3060000e+02   1.1380518e-02   2.8309494e-02   1.3938341e-02   3.1909658e-02   1.5835568e-02   3.2828345e-02   1.4760382e-02   1.6317841e-02   1.5884704e-02
   6.3410000e+02   1.1517607e-02   2.8616828e-02   1.3994780e-02   3.2354259e-02   1.6013204e-02   3.3358790e-02   1.4920252e-02   1.6627296e-02   1.6306900e-02
   6.3760000e+02   1.1551584e-02   2.8933367e-02   1.4189700e-02   3.2909024e-02   1.6295368e-02   3.4259234e-02   1.5396558e-02   1.7130138e-02   1.6797791e-02
   6.4110000e+02   1.1512017e-02   2.9175985e-02   1.4423927e-02   3.3412389e-02   1.6658241e-02   3.5007609e-02   1.5600137e-02   1.7707846e-02   1.7129453e-02
   6.4510000e+02   1.1541025e-02   2.9378983e-02   1.4548823e-02   3.3735529e-02   1.6780259e-02   3.5621626e-02   1.5856984e-02   1.7882882e-02   1.7497649e-02
   6.4860000e+02   1.1625945e-02   2.9990215e-02   1.4555591e-02   3.4482548e-02   1.7096568e-02   3.6321239e-02   1.6221018e-02   1.8512633e-02   1.8113690e-02
   6.5210000e+02   1.1703286e-02   2.9928229e-02   1.4703400e-02   3.4521714e-02   1.7136869e-02   3.6828467e-02   1.6331967e-02   1.8755914e-02   1.8369397e-02
   6.5610000e+02   1.1719638e-02   3.0265274e-02   1.4878627e-02   3.5129153e-02   1.7455628e-02   3.7440048e-02   1.6675583e-02   1.9422621e-02   1.8820619e-02
   6.6010000e+02   1.1849368e-02   3.0586750e-02   1.5051626e-02   3.5791423e-02   1.7702662e-02   3.8364960e-02   1.7048979e-02   1.9778736e-02   1.9383210e-02
   6.6360000e+02   1.2019896e-02   3.0906957e-02   1.5121799e-02   3.6290641e-02   1.7921001e-02   3.9247827e-02   1.7413356e-02   2.0399171e-02   1.9859755e-02
   6.6710000e+02   1.1862533e-02   3.0942063e-02   1.5176241e-02   3.6551526e-02   1.8078656e-02   3.9514937e-02   1.7724350e-02   2.0751024e-02   2.0161792e-02
   6.7110000e+02   1.1976645e-02   3.1298914e-02   1.5443265e-02   3.7137533e-02   1.8329258e-02   4.0499919e-02   1.8073747e-02   2.1389089e-02   2.0704055e-02
   6.7510000e+02   1.2055131e-02   3.1568730e-02   1.5409009e-02   3.7578446e-02   1.8518425e-02   4.0982722e-02   1.8153218e-02   2.1700811e-02   2.1096917e-02
   6.7860000e+02   1.2136754e-02   3.1951525e-02   1.5662609e-02   3.8119139e-02   1.8851883e-02   4.2021762e-02   1.8654637e-02   2.2289995e-02   2.1637189e-02
   6.8260000e+02   1.2099605e-02   3.2156216e-02   1.5763829e-02   3.8495704e-02   1.8972957e-02   4.2448214e-02   1.8908368e-02   2.2636830e-02   2.2173157e-02
   6.8660000e+02   1.2179756e-02   3.2354768e-02   1.5790251e-02   3.8926833e-02   1.9272782e-02   4.3130413e-02   1.9177903e-02   2.3224109e-02   2.2449843e-02
   6.9060000e+02   1.2109070e-02   3.2527133e-02   1.5988647e-02   3.9449860e-02   1.9516174e-02   4.3679383e-02   1.9440534e-02   2.3682868e-02   2.2952793e-02
   6.9410000e+02   1.2147522e-02   3.2849967e-02   1.6085321e-02   3.9897017e-02   1.9657708e-02   4.4583391e-02   1.9654720e-02   2.4096081e-02   2.3484425e-02
   6.9810000e+02   1.2350641e-02   3.3128261e-02   1.6316889e-02   4.0457346e-02   2.0031496e-02   4.5492100e-02   2.0121242e-02   2.4821647e-02   2.3940904e-02
   7.0210000e+02   1.2355930e-02   3.3162437e-02   1.6262691e-02   4.0703336e-02   2.0151687e-02   4.5773577e-02   2.0316315e-02   2.5205042e-02   2.4295189e-02
   7.0610000e+02   1.2272919e-02   3.3590916e-02   1.6311202e-02   4.1026918e-02   2.0230007e-02   4.6356902e-02   2.0473897e-02   2.5712951e-02   2.4720650e-02
   7.1010000e+02   1.2341724e-02   3.3641401e-02   1.6526061e-02   4.1517893e-02   2.0547571e-02   4.6977004e-02   2.0862476e-02   2.5966151e-02   2.5110428e-02
   7.1410000e+02   1.2316746e-02   3.3744444e-02   1.6559034e-02   4.1839188e-02   2.0805555e-02   4.8051802e-02   2.1090785e-02   2.6388970e-02   2.5737545e-02
   7.1810000e+02   1.2493774e-02   3.4019305e-02   1.6694579e-02   4.2169950e-02   2.0831188e-02   4.8320101e-02   2.1471387e-02   2.6940070e-02   2.6089645e-02
   7.2210000e+02   1.2320900e-02   3.4132410e-02   1.6702624e-02   4.2511492e-02   2.1135643e-02   4.9283778e-02   2.1848655e-02   2.7444851e-02   2.6481021e-02
   7.2660000e+02   1.2432299e-02   3.4309469e-02   1.6774547e-02   4.2998737e-02   2.1197728e-02   4.9392566e-02   2.1859676e-02   2.7830820e-02   2.7024147e-02
   7.3060000e+02   1.2387142e-02   3.4729775e-02   1.6896477e-02   4.3506966e-02   2.1653680e-02   5.0548732e-02   2.2253386e-02   2.8548713e-02   2.7488935e-02
   7.3460000e+02   1.2298534e-02   3.4517225e-02   1.6971835e-02   4.3672465e-02   2.1557606e-02   5.0779427e-02   2.2402079e-02   2.8758831e-02   2.7834625e-02
   7.3860000e+02   1.2386160e-02   3.4725007e-02   1.7010897e-02   4.4013696e-02   2.1746714e-02   5.1539828e-02   2.2680960e-02   2.9309400e-02   2.8212261e-02
   7.4260000e+02   1.2345935e-02   3.4823549e-02   1.7081793e-02   4.4109190e-02   2.1782318e-02   5.2045609e-02   2.2965350e-02   2.9738801e-02   2.8628387e-02
   7.4710000e+02   1.2352912e-02   3.4796958e-02   1.7153417e-02   4.4522675e-02   2.1992472e-02   5.2589187e-02   2.3207032e-02   3.0162728e-02   2.9018871e-02
   7.5110000e+02   1.2310207e-02   3.5108060e-02   1.7214277e-02   4.5009335e-02   2.2121368e-02   5.3113287e-02   2.3380134e-02   3.0620617e-02   2.9661168e-02
   7.5510000e+02   1.2347558e-02   3.5136952e-02   1.7195255e-02   4.5200720e-02   2.2258747e-02   5.3821451e-02   2.3630065e-02   3.0978514e-02   2.9996220e-02
   7.5960000e+02   1.2261879e-02   3.4914452e-02   1.7141300e-02   4.5142735e-02   2.2378094e-02   5.3917154e-02   2.3742126e-02   3.1141840e-02   3.0081459e-02
   7.6360000e+02   1.2229426e-02   3.5138984e-02   1.7197289e-02   4.5643702e-02   2.2421100e-02   5.4412500e-02   2.3970633e-02   3.1818919e-02   3.0602362e-02
   7.6810000e+02   1.2178922e-02   3.4916485e-02   1.7077173e-02   4.5466932e-02   2.2519198e-02   5.4834718e-02   2.4039916e-02   3.1883955e-02   3.0915562e-02
   7.7210000e+02   1.2050587e-02   3.5042403e-02   1.7122087e-02   4.5796383e-02   2.2640231e-02   5.5019425e-02   2.4145211e-02   3.2329249e-02   3.1175854e-02
   7.7660000e+02   1.2114279e-02   3.5251855e-02   1.7285198e-02   4.6394394e-02   2.3003586e-02   5.6068983e-02   2.4632864e-02   3.3113956e-02   3.1780175e-02
   7.8110000e+02   1.2028283e-02   3.5249186e-02   1.7112623e-02   4.6434806e-02   2.2912913e-02   5.6527027e-02   2.4831207e-02   3.3403941e-02   3.2348233e-02
   7.8510000e+02   1.1998350e-02   3.5266476e-02   1.7316236e-02   4.6717856e-02   2.3061576e-02   5.6762152e-02   2.5005760e-02   3.3801069e-02   3.2542930e-02
   7.8960000e+02   1.1842033e-02   3.5014441e-02   1.7175684e-02   4.6585037e-02   2.3057232e-02   5.7025215e-02   2.4928225e-02   3.4030057e-02   3.2768854e-02
   7.9410000e+02   1.1813404e-02   3.5060248e-02   1.7089796e-02   4.6985037e-02   2.3067371e-02   5.7642198e-02   2.5158166e-02   3.4365532e-02   3.3022271e-02
   7.9860000e+02   1.1912222e-02   3.4971559e-02   1.7085720e-02   4.7121722e-02   2.3339237e-02   5.8098726e-02   2.5419661e-02   3.4911334e-02   3.3411597e-02
   8.0260000e+02   1.1541876e-02   3.4977002e-02   1.7042043e-02   4.7016702e-02   2.3276621e-02   5.8079107e-02   2.5457725e-02   3.4797088e-02   3.3649773e-02
   8.0710000e+02   1.1550053e-02   3.4790405e-02   1.6910139e-02   4.7180000e-02   2.3296255e-02   5.8538690e-02   2.5582366e-02   3.5394579e-02   3.3939903e-02
   8.1210000e+02   1.1421835e-02   3.4676313e-02   1.6954034e-02   4.7202733e-02   2.3277798e-02   5.8674253e-02   2.5841579e-02   3.5522632e-02   3.4193681e-02
   8.1610000e+02   1.1304260e-02   3.4541366e-02   1.6906778e-02   4.7385464e-02   2.3259336e-02   5.8921965e-02   2.5897485e-02   3.5774502e-02   3.4407985e-02
   8.2060000e+02   1.1271536e-02   3.4523908e-02   1.6823436e-02   4.7281898e-02   2.3420831e-02   5.9683247e-02   2.5881486e-02   3.6228580e-02   3.4927774e-02
   8.2510000e+02   1.1088616e-02   3.4206875e-02   1.6776966e-02   4.7291619e-02   2.3337717e-02   5.9738993e-02   2.6191761e-02   3.6347136e-02   3.5078914e-02
   8.2960000e+02   1.1061481e-02   3.4220248e-02   1.6800091e-02   4.7667913e-02   2.3582316e-02   6.0403247e-02   2.6262368e-02   3.6973677e-02   3.5599505e-02
   8.3410000e+02   1.1024026e-02   3.4171800e-02   1.6672760e-02   4.7559167e-02   2.3429095e-02   6.0220762e-02   2.6280545e-02   3.7277687e-02   3.5746327e-02
   8.3860000e+02   1.0839308e-02   3.4056966e-02   1.6542599e-02   4.7733188e-02   2.3465374e-02   6.0835407e-02   2.6543092e-02   3.7676314e-02   3.5997409e-02
   8.4360000e+02   1.0719632e-02   3.3811094e-02   1.6485947e-02   4.7731222e-02   2.3437186e-02   6.0989561e-02   2.6671708e-02   3.7882087e-02   3.6474080e-02
   8.4810000e+02   1.0537924e-02   3.3489948e-02   1.6471684e-02   4.7255120e-02   2.3363734e-02   6.0837734e-02   2.6666880e-02   3.7908825e-02   3.6363001e-02
   8.5260000e+02   1.0428756e-02   3.3278301e-02   1.6218298e-02   4.7226183e-02   2.3363677e-02   6.0906250e-02   2.6601689e-02   3.8158729e-02   3.6632001e-02
   8.5710000e+02   1.0346946e-02   3.3188602e-02   1.6270062e-02   4.7427328e-02   2.3359085e-02   6.1199435e-02   2.6818424e-02   3.8345351e-02   3.7066856e-02
   8.6210000e+02   1.0127876e-02   3.2547280e-02   1.5965850e-02   4.6870915e-02   2.3175469e-02   6.1222099e-02   2.6652200e-02   3.8280529e-02   3.6861630e-02
   8.6660000e+02   1.0062756e-02   3.2636909e-02   1.5944367e-02   4.7022866e-02   2.3201508e-02   6.1514632e-02   2.6778730e-02   3.8832289e-02   3.7130724e-02
   8.7110000e+02   9.8173098e-03   3.2194651e-02   1.5802894e-02   4.6756708e-02   2.3013036e-02   6.1576700e-02   2.6633473e-02   3.8920019e-02   3.7330510e-02
   8.7610000e+02   9.6058160e-03   3.1785995e-02   1.5518879e-02   4.6203890e-02   2.2935569e-02   6.1297748e-02   2.6631440e-02   3.8927897e-02   3.7381347e-02
   8.8060000e+02   9.5553814e-03   3.1867719e-02   1.5566004e-02   4.6712795e-02   2.3104600e-02   6.2006211e-02   2.6951701e-02   3.9643606e-02   3.7978691e-02
   8.8560000e+02   9.4317362e-03   3.1442556e-02   1.5374702e-02   4.6292884e-02   2.3068771e-02   6.1643843e-02   2.6802703e-02   3.9612593e-02   3.7872717e-02
   8.9010000e+02   9.2527270e-03   3.1038922e-02   1.5035383e-02   4.5832220e-02   2.2649945e-02   6.1705802e-02   2.6794619e-02   3.9635795e-02   3.7978881e-02
   8.9510000e+02   9.0349217e-03   3.0544737e-02   1.4886281e-02   4.5857445e-02   2.2537478e-02   6.1332436e-02   2.6582921e-02   3.9661628e-02   3.7990548e-02
   9.0010000e+02   8.8932596e-03   3.0479567e-02   1.4850109e-02   4.5704577e-02   2.2495118e-02   6.1629154e-02   2.6757160e-02   3.9891962e-02   3.8189952e-02
   9.0460000e+02   8.5994209e-03   2.9637326e-02   1.4553235e-02   4.5160199e-02   2.2324912e-02   6.0938443e-02   2.6618072e-02   3.9739454e-02   3.8101680e-02
   9.0960000e+02   8.4525079e-03   2.9371946e-02   1.4481462e-02   4.4752256e-02   2.2192281e-02   6.1140573e-02   2.6529918e-02   3.9919419e-02   3.8129692e-02
   9.1460000e+02   8.1884440e-03   2.8791130e-02   1.4127228e-02   4.4308377e-02   2.1793072e-02   6.0570634e-02   2.6363875e-02   3.9665907e-02   3.7928105e-02
   9.1910000e+02   7.9038293e-03   2.8466150e-02   1.3981613e-02   4.3890999e-02   2.1808398e-02   6.0559885e-02   2.6409156e-02   3.9850344e-02   3.8251534e-02
   9.2410000e+02   7.9047254e-03   2.8102819e-02   1.3652586e-02   4.3553877e-02   2.1623302e-02   6.0506729e-02   2.6311411e-02   3.9740931e-02   3.8180582e-02
   9.2910000e+02   7.6321685e-03   2.7414536e-02   1.3477598e-02   4.3106574e-02   2.1400111e-02   6.0104234e-02   2.6096630e-02   3.9823440e-02   3.8155631e-02
   9.3410000e+02   7.4988913e-03   2.7032776e-02   1.3268759e-02   4.2828856e-02   2.1296993e-02   5.9993738e-02   2.6033135e-02   3.9928835e-02   3.8235200e-02
   9.3910000e+02   7.1325837e-03   2.6551999e-02   1.3003738e-02   4.2389671e-02   2.0969580e-02   5.9336864e-02   2.5830251e-02   3.9915029e-02   3.8098653e-02
   9.4410000e+02   7.1449560e-03   2.6320354e-02   1.2849519e-02   4.2134025e-02   2.0904580e-02   5.9580054e-02   2.5921097e-02   4.0060913e-02   3.8363133e-02
   9.4910000e+02   6.7740181e-03   2.5673697e-02   1.2570853e-02   4.1492681e-02   2.0647969e-02   5.8924064e-02   2.5723349e-02   3.9820176e-02   3.8072632e-02
   9.5410000e+02   6.7001490e-03   2.5216713e-02   1.2404115e-02   4.1138589e-02   2.0420823e-02   5.9026024e-02   2.5672438e-02   4.0001432e-02   3.8010565e-02
   9.5910000e+02   6.4154093e-03   2.4365580e-02   1.2068035e-02   4.0193344e-02   1.9835566e-02   5.7808249e-02   2.5241994e-02   3.9392871e-02   3.7660669e-02
   9.6410000e+02   6.2893153e-03   2.3975741e-02   1.1819163e-02   3.9957746e-02   2.0011955e-02   5.8119569e-02   2.5187233e-02   3.9675749e-02   3.7894986e-02
   9.6910000e+02   5.9955422e-03   2.3491546e-02   1.1525602e-02   3.9293165e-02   1.9484011e-02   5.7159716e-02   2.4792306e-02   3.9358081e-02   3.7787338e-02
   9.7410000e+02   5.8613293e-03   2.2989058e-02   1.1261142e-02   3.8882448e-02   1.9290546e-02   5.7174106e-02   2.4720588e-02   3.9471829e-02   3.7478936e-02
   9.7910000e+02   5.6730992e-03   2.2274708e-02   1.0963197e-02   3.8043073e-02   1.8828738e-02   5.6203672e-02   2.4321412e-02   3.9073735e-02   3.7327027e-02
   9.8460000e+02   5.4033919e-03   2.1777221e-02   1.0657066e-02   3.7355381e-02   1.8543698e-02   5.5820737e-02   2.4249727e-02   3.8924308e-02   3.6966116e-02
   9.8960000e+02   5.3183821e-03   2.1008411e-02   1.0282583e-02   3.6819583e-02   1.8115898e-02   5.5197391e-02   2.3919416e-02   3.8714274e-02   3.6923932e-02
   9.9460000e+02   5.0566369e-03   2.0492398e-02   1.0042179e-02   3.6077345e-02   1.7954341e-02   5.4578513e-02   2.3596378e-02   3.8368837e-02   3.6767685e-02
   1.0001000e+03   4.9540945e-03   1.9848904e-02   9.7448049e-03   3.5343166e-02   1.7594997e-02   5.3917522e-02   2.3383788e-02   3.8238129e-02   3.6318744e-02
   1.0051000e+03   4.7326092e-03   1.9375374e-02   9.5319677e-03   3.4914996e-02   1.7210024e-02   5.3361414e-02   2.3139965e-02   3.8175123e-02   3.6378789e-02
   1.0106000e+03   4.5647836e-03   1.8545513e-02   9.2106573e-03   3.4054041e-02   1.6837494e-02   5.2397304e-02   2.2779290e-02   3.7806974e-02   3.5885310e-02
   1.0156000e+03   4.4261578e-03   1.8120788e-02   8.9268496e-03   3.3346326e-02   1.6586484e-02   5.2323127e-02   2.2598593e-02   3.7550181e-02   3.5833337e-02
   1.0206000e+03   4.3015661e-03   1.7482262e-02   8.6539538e-03   3.2616260e-02   1.6173081e-02   5.1624693e-02   2.2390071e-02   3.7191349e-02   3.5539931e-02
   1.0261000e+03   4.1022963e-03   1.6806409e-02   8.3165618e-03   3.1807031e-02   1.5832963e-02   5.0873959e-02   2.1938136e-02   3.6981222e-02   3.5229515e-02
   1.0316000e+03   3.9359424e-03   1.6185386e-02   7.9230453e-03   3.0860679e-02   1.5378799e-02   4.9609991e-02   2.1511794e-02   3.6397625e-02   3.4685361e-02
   1.0371000e+03   3.8734228e-03   1.5662076e-02   7.7099577e-03   3.0379019e-02   1.5046640e-02   4.9041631e-02   2.1277450e-02   3.6321796e-02   3.4471667e-02
   1.0426000e+03   3.7403397e-03   1.4941434e-02   7.4420781e-03   2.9220323e-02   1.4579140e-02   4.7845304e-02   2.0582264e-02   3.5696451e-02   3.3980028e-02
   1.0476000e+03   3.6921915e-03   1.4394274e-02   7.1696203e-03   2.8551733e-02   1.4393315e-02   4.7285746e-02   2.0427378e-02   3.5511193e-02   3.3676123e-02
   1.0531000e+03   3.5447401e-03   1.3770018e-02   6.8702673e-03   2.7459818e-02   1.3768295e-02   4.6104213e-02   1.9977478e-02   3.4780956e-02   3.3120106e-02
   1.0586000e+03   3.4778026e-03   1.3289846e-02   6.6680135e-03   2.6883367e-02   1.3346887e-02   4.5391559e-02   1.9638616e-02   3.4674692e-02   3.2897083e-02
   1.0636000e+03   3.3902034e-03   1.2678838e-02   6.3445905e-03   2.5941533e-02   1.2987347e-02   4.4327594e-02   1.9059573e-02   3.3782648e-02   3.2176424e-02
   1.0696000e+03   3.3505407e-03   1.2314675e-02   6.1982865e-03   2.5476197e-02   1.2680433e-02   4.3921514e-02   1.8931793e-02   3.3913852e-02   3.2234060e-02
   1.0746000e+03   3.1629945e-03   1.1730618e-02   5.8758120e-03   2.4446963e-02   1.2107950e-02   4.2651573e-02   1.8292102e-02   3.3034821e-02   3.1396956e-02
   1.0801000e+03   3.1000326e-03   1.1259233e-02   5.6590810e-03   2.3505183e-02   1.1755586e-02   4.1468950e-02   1.7834123e-02   3.2599321e-02   3.1037036e-02
   1.0856000e+03   2.9821735e-03   1.0762538e-02   5.4374215e-03   2.2530989e-02   1.1356537e-02   4.0300514e-02   1.7410960e-02   3.1902568e-02   3.0548528e-02
   1.0911000e+03   3.0025042e-03   1.0384970e-02   5.2989135e-03   2.1722460e-02   1.0987838e-02   3.9476508e-02   1.6958114e-02   3.1585863e-02   3.0015340e-02
   1.0966000e+03   2.9332668e-03   9.9769857e-03   5.0271829e-03   2.0913562e-02   1.0493435e-02   3.8249411e-02   1.6457711e-02   3.0758478e-02   2.9243070e-02
   1.1021000e+03   2.8693130e-03   9.6345685e-03   4.9513488e-03   2.0148966e-02   1.0090913e-02   3.7380788e-02   1.6087752e-02   3.0400874e-02   2.8879401e-02
   1.1081000e+03   2.8263480e-03   9.3220157e-03   4.7370841e-03   1.9414461e-02   9.6487902e-03   3.6368974e-02   1.5643760e-02   2.9877482e-02   2.8252237e-02
   1.1136000e+03   2.8190327e-03   8.9623579e-03   4.6421829e-03   1.8825948e-02   9.3997031e-03   3.5310410e-02   1.5160717e-02   2.9453964e-02   2.7746932e-02
   1.1191000e+03   2.7668212e-03   8.6632775e-03   4.4680108e-03   1.7880036e-02   9.0687869e-03   3.4307452e-02   1.4743188e-02   2.8789017e-02   2.7193104e-02
   1.1246000e+03   2.6968262e-03   8.3881928e-03   4.3298565e-03   1.7144277e-02   8.6172941e-03   3.3056842e-02   1.4396626e-02   2.8058252e-02   2.6545050e-02
   1.1301000e+03   2.6680947e-03   8.1378647e-03   4.2245158e-03   1.6407941e-02   8.2669472e-03   3.2119620e-02   1.3767814e-02   2.7450747e-02   2.5956912e-02
   1.1361000e+03   2.6565978e-03   7.9323350e-03   4.0384365e-03   1.5759159e-02   7.9892089e-03   3.0820535e-02   1.3253571e-02   2.6833873e-02   2.5352015e-02
   1.1411000e+03   2.5438967e-03   7.5985820e-03   3.9777731e-03   1.4699942e-02   7.5546387e-03   2.9323435e-02   1.2700822e-02   2.5838670e-02   2.4405998e-02
   1.1421000e+03   2.5706109e-03   7.4766867e-03   3.8693692e-03   1.4695554e-02   7.4314884e-03   2.8983618e-02   1.2542130e-02   2.5458626e-02   2.4018711e-02
   1.1471000e+03   2.9104519e-03   9.0270389e-03   4.4837739e-03   1.4335646e-02   7.0873338e-03   2.2005763e-02   9.5156864e-03   1.6399405e-02   1.5515950e-02
   1.1506000e+03   2.5015338e-03   7.1717434e-03   3.7202144e-03   1.3501446e-02   6.8676730e-03   2.6951313e-02   1.1719005e-02   2.4414994e-02   2.3204110e-02
   1.1606000e+03   2.5010015e-03   6.9207607e-03   3.6390233e-03   1.2780491e-02   6.6127971e-03   2.5382940e-02   1.0883386e-02   2.3207345e-02   2.1861207e-02
   1.1706000e+03   2.3571075e-03   6.6970541e-03   3.5323465e-03   1.1895227e-02   6.1238991e-03   2.3584334e-02   1.0044376e-02   2.2001679e-02   2.0831864e-02
   1.1801000e+03   2.2721394e-03   6.4390408e-03   3.3661101e-03   1.1221376e-02   5.7545520e-03   2.1638933e-02   9.4719926e-03   2.0720022e-02   1.9404349e-02
   1.1906000e+03   2.2836874e-03   6.1825769e-03   3.3339036e-03   1.0746299e-02   5.5932382e-03   2.0315138e-02   8.8723479e-03   1.9745890e-02   1.8573910e-02
   1.2006000e+03   2.1862500e-03   5.9699801e-03   3.1559527e-03   9.9243681e-03   5.2245706e-03   1.8777858e-02   8.1635439e-03   1.8475549e-02   1.7268754e-02
   1.2101000e+03   2.2768147e-03   6.0087871e-03   3.0899192e-03   9.3644467e-03   4.9415493e-03   1.7420351e-02   7.5427506e-03   1.7073361e-02   1.6312183e-02
   1.2206000e+03   2.2227650e-03   5.7336536e-03   3.0401926e-03   8.9849537e-03   4.8155817e-03   1.6371259e-02   7.1224215e-03   1.5788873e-02   1.5173347e-02
   1.2301000e+03   2.1200315e-03   5.5989663e-03   3.0096317e-03   8.7891158e-03   4.5983350e-03   1.5237151e-02   6.7422555e-03   1.5008180e-02   1.4110596e-02
   1.2406000e+03   2.0936763e-03   5.3718945e-03   2.9677821e-03   8.2402295e-03   4.2710529e-03   1.4154438e-02   6.2752735e-03   1.3447177e-02   1.2815262e-02
   1.2506000e+03   2.0311822e-03   5.2649082e-03   2.8487146e-03   8.1531112e-03   4.1475112e-03   1.3323001e-02   5.9238702e-03   1.2827545e-02   1.2154392e-02
   1.2606000e+03   1.9502499e-03   5.1328461e-03   2.7315550e-03   7.6939196e-03   4.0695117e-03   1.2785086e-02   5.6189536e-03   1.1828861e-02   1.1186381e-02
   1.2706000e+03   1.9952486e-03   5.2106089e-03   2.7834184e-03   7.6973776e-03   3.9296779e-03   1.2186842e-02   5.4861580e-03   1.1307443e-02   1.0521756e-02
   1.2806000e+03   1.9841529e-03   5.0501755e-03   2.7372983e-03   7.2282074e-03   3.9161076e-03   1.1553201e-02   5.1819138e-03   1.0419133e-02   9.9524561e-03
   1.2901000e+03   1.9711165e-03   4.8517393e-03   2.6643111e-03   7.3371413e-03   3.7502330e-03   1.0995738e-02   4.9882587e-03   9.8599460e-03   9.1312189e-03
   1.3006000e+03   1.9020135e-03   4.7234481e-03   2.5149609e-03   7.0101174e-03   3.5563461e-03   1.0563962e-02   4.8992014e-03   9.0703714e-03   8.5374824e-03
   1.3106000e+03   1.9103859e-03   4.7092056e-03   2.5368456e-03   7.0277395e-03   3.6891519e-03   1.0415052e-02   4.7009794e-03   8.6932366e-03   8.3034394e-03
   1.3206000e+03   1.9529985e-03   4.5892637e-03   2.5048919e-03   6.6440923e-03   3.5288490e-03   9.9120805e-03   4.4956053e-03   8.2042282e-03   7.8270801e-03
   1.3306000e+03   1.8034430e-03   4.4925110e-03   2.4182675e-03   6.5307740e-03   3.5210379e-03   9.6800135e-03   4.4003505e-03   7.7900911e-03   7.4915162e-03
   1.3401000e+03   1.8109399e-03   4.2955267e-03   2.4864844e-03   6.3139372e-03   3.4238972e-03   9.3172004e-03   4.3670028e-03   7.5195437e-03   7.0622228e-03
   1.3506000e+03   1.7686519e-03   4.3766316e-03   2.3679894e-03   6.2333650e-03   3.2615703e-03   9.0206992e-03   4.2106808e-03   7.0765224e-03   6.9405705e-03
   1.3606000e+03   1.7424491e-03   4.1346359e-03   2.3582596e-03   6.1517032e-03   3.2538093e-03   9.0201508e-03   4.0360550e-03   6.8622537e-03   6.6420471e-03
   1.3701000e+03   1.7941353e-03   4.1507355e-03   2.3380644e-03   5.9915298e-03   3.1785660e-03   8.6300016e-03   3.9756044e-03   6.6760752e-03   6.4389451e-03
   1.3806000e+03   1.7312680e-03   4.1597812e-03   2.2357944e-03   5.9070557e-03   3.1385635e-03   8.4130406e-03   3.8550165e-03   6.3046584e-03   6.2207841e-03
   1.3906000e+03   1.6783287e-03   4.0340126e-03   2.1749704e-03   5.8161554e-03   3.1176285e-03   8.2032399e-03   3.7328234e-03   6.3006214e-03   5.9853340e-03
   1.4006000e+03   1.7181499e-03   3.9085813e-03   2.2020449e-03   5.4447866e-03   3.0246664e-03   7.9158771e-03   3.7317983e-03   5.9919106e-03   5.7970622e-03
   1.4106000e+03   1.6078344e-03   3.8306380e-03   2.1872749e-03   5.6303273e-03   2.9391910e-03   7.7465448e-03   3.6407210e-03   5.9261843e-03   5.6238675e-03
   1.4206000e+03   1.6620144e-03   3.7673620e-03   2.0833428e-03   5.4539700e-03   2.8166225e-03   7.7139989e-03   3.5777319e-03   5.6584858e-03   5.6215953e-03
   1.4301000e+03   1.5736503e-03   3.6098721e-03   2.0310389e-03   5.3435436e-03   2.7922736e-03   7.5553353e-03   3.4155143e-03   5.4653411e-03   5.3260514e-03
   1.4406000e+03   1.5751735e-03   3.5614034e-03   1.9966529e-03   5.1632858e-03   2.8252802e-03   7.2674258e-03   3.4395848e-03   5.3254935e-03   5.2323381e-03
   1.4501000e+03   1.6349981e-03   3.6333291e-03   1.9872219e-03   5.0317688e-03   2.7740076e-03   6.9948121e-03   3.3915428e-03   5.2441486e-03   5.1853357e-03
   1.4606000e+03   1.5674156e-03   3.5347426e-03   1.9890327e-03   5.0376989e-03   2.7763581e-03   7.0359401e-03   3.2269161e-03   5.2113446e-03   5.0876878e-03
   1.4706000e+03   1.5445275e-03   3.3804629e-03   1.9918353e-03   4.9552495e-03   2.5614950e-03   6.8760418e-03   3.2285098e-03   5.0631296e-03   4.9322263e-03
   1.4801000e+03   1.5008047e-03   3.3546292e-03   1.9734570e-03   4.8045166e-03   2.5273722e-03   6.7329009e-03   3.2077880e-03   4.8710525e-03   4.8612785e-03
   1.4906000e+03   1.4577752e-03   3.3926709e-03   1.8663209e-03   4.6583546e-03   2.5336710e-03   6.5337325e-03   3.1576609e-03   4.8321742e-03   4.5971642e-03
   1.5006000e+03   1.4665143e-03   3.1927238e-03   1.8112248e-03   4.5669167e-03   2.5404968e-03   6.3701713e-03   3.0884471e-03   4.7894177e-03   4.5728943e-03
   1.5101000e+03   1.4908670e-03   3.2610717e-03   1.8724152e-03   4.5286219e-03   2.4586842e-03   6.3388177e-03   2.9641713e-03   4.7412411e-03   4.6092706e-03
   1.5206000e+03   1.4682843e-03   3.1359983e-03   1.8711591e-03   4.3847762e-03   2.4139023e-03   6.1923586e-03   2.8288231e-03   4.4396528e-03   4.3385995e-03
   1.5301000e+03   1.4209041e-03   3.0615041e-03   1.7385934e-03   4.3044888e-03   2.3153036e-03   6.0790489e-03   3.0062611e-03   4.4091650e-03   4.4413034e-03
   1.5406000e+03   1.3338659e-03   3.1400551e-03   1.7423617e-03   4.3406851e-03   2.3374326e-03   5.8375516e-03   2.8451657e-03   4.3592560e-03   4.2894307e-03
   1.5506000e+03   1.3958467e-03   3.0136215e-03   1.7415945e-03   4.2105448e-03   2.3119768e-03   5.8107278e-03   2.7280920e-03   4.0752228e-03   4.1449137e-03
   1.5601000e+03   1.3728785e-03   2.8985997e-03   1.7008816e-03   4.0949653e-03   2.2452989e-03   5.6842582e-03   2.7545489e-03   4.1402771e-03   4.0435669e-03
   1.5706000e+03   1.3930581e-03   2.8868356e-03   1.6632311e-03   4.1111207e-03   2.2355622e-03   5.6504942e-03   2.7003686e-03   4.0464698e-03   4.0600805e-03
   1.5806000e+03   1.3680021e-03   2.8265237e-03   1.7062593e-03   3.9923882e-03   2.1404809e-03   5.3488201e-03   2.6910847e-03   3.9801374e-03   3.9706091e-03
   1.5906000e+03   1.3379480e-03   2.7903032e-03   1.6243086e-03   3.9069725e-03   2.1072852e-03   5.3737143e-03   2.5950573e-03   3.9083427e-03   3.9425963e-03
   1.6006000e+03   1.2778330e-03   2.8067056e-03   1.6921170e-03   3.9411854e-03   2.1345230e-03   5.2546852e-03   2.5652686e-03   3.8122361e-03   3.7546204e-03
   1.6106000e+03   1.2617271e-03   2.5621703e-03   1.5569367e-03   3.7271074e-03   2.0056276e-03   5.1796492e-03   2.4792074e-03   3.7284901e-03   3.7174284e-03
   1.6201000e+03   1.3176526e-03   2.6155078e-03   1.5691924e-03   3.7580725e-03   2.0564058e-03   5.1154605e-03   2.5416887e-03   3.8490214e-03   3.7762904e-03
   1.6306000e+03   1.2759073e-03   2.5831551e-03   1.6220459e-03   3.6132134e-03   1.9918640e-03   5.0813426e-03   2.4027730e-03   3.6689299e-03   3.7281287e-03
   1.6401000e+03   1.2334074e-03   2.5664629e-03   1.5832212e-03   3.6444749e-03   1.9664834e-03   4.9378105e-03   2.4047959e-03   3.5267088e-03   3.4521469e-03
   1.6501000e+03   1.2261881e-03   2.5479964e-03   1.5102363e-03   3.7031725e-03   1.9974773e-03   4.8639733e-03   2.3187892e-03   3.5013858e-03   3.5386495e-03
   1.6606000e+03   1.1880401e-03   2.4648661e-03   1.5044280e-03   3.4436252e-03   1.9589274e-03   4.7613209e-03   2.3598733e-03   3.4992925e-03   3.4711065e-03
   1.6706000e+03   1.2189494e-03   2.4473091e-03   1.4627124e-03   3.3424063e-03   1.8599657e-03   4.6362356e-03   2.2950287e-03   3.3818964e-03   3.3848203e-03
   1.6806000e+03   1.2370096e-03   2.4050595e-03   1.4673493e-03   3.3598319e-03   1.9209195e-03   4.5883104e-03   2.2486560e-03   3.4110185e-03   3.2425292e-03
   1.6906000e+03   1.1714945e-03   2.3607722e-03   1.5116745e-03   3.2764724e-03   1.8321442e-03   4.4592588e-03   2.1806749e-03   3.4060599e-03   3.2677498e-03
   1.7001000e+03   1.1558976e-03   2.3231779e-03   1.4611900e-03   3.3023220e-03   1.7977081e-03   4.4647094e-03   2.1252900e-03   3.3283491e-03   3.2618542e-03
   1.7106000e+03   1.1534398e-03   2.2946777e-03   1.3917360e-03   3.0411477e-03   1.7707131e-03   4.2053539e-03   2.0764787e-03   3.2198699e-03   3.1803931e-03
   1.7206000e+03   1.1335940e-03   2.4065042e-03   1.3887626e-03   3.1507460e-03   1.7179888e-03   4.3510651e-03   2.1374039e-03   3.1536790e-03   3.2460676e-03
   1.7306000e+03   1.1574784e-03   2.1973327e-03   1.3790157e-03   3.0004958e-03   1.7484851e-03   4.1623039e-03   2.0457926e-03   2.9218392e-03   3.0430713e-03
   1.7406000e+03   1.1525437e-03   2.1918651e-03   1.4087451e-03   3.0134517e-03   1.7476858e-03   4.2117197e-03   2.0140483e-03   2.9974844e-03   3.0250642e-03
   1.7506000e+03   1.0924717e-03   2.1282105e-03   1.3623166e-03   2.9930233e-03   1.6692560e-03   4.0163973e-03   2.0198361e-03   3.0424827e-03   2.9362904e-03
   1.7606000e+03   1.1002217e-03   2.0389899e-03   1.3018560e-03   2.8345686e-03   1.6503326e-03   3.9450181e-03   1.9834675e-03   2.9025106e-03   3.0055194e-03
   1.7706000e+03   1.1125850e-03   2.0376638e-03   1.3118102e-03   2.7598552e-03   1.6663139e-03   3.8739051e-03   2.0083660e-03   2.8587354e-03   2.8785114e-03
   1.7801000e+03   1.1227203e-03   2.0381577e-03   1.2879564e-03   2.7736059e-03   1.6029377e-03   3.8107575e-03   1.8507918e-03   2.8186032e-03   2.7905721e-03
   1.7906000e+03   1.0762018e-03   2.1635367e-03   1.3626941e-03   2.7239038e-03   1.5541838e-03   3.7036185e-03   1.9408742e-03   2.8174220e-03   2.8983227e-03
   1.8006000e+03   1.0688705e-03   1.9712898e-03   1.2151684e-03   2.6908367e-03   1.5017929e-03   3.6850654e-03   1.8944087e-03   2.7699570e-03   2.7572679e-03
   1.8101000e+03   1.0583430e-03   1.9802707e-03   1.2487249e-03   2.6653455e-03   1.5560341e-03   3.5408020e-03   1.8550984e-03   2.6593492e-03   2.6930783e-03
   1.8201000e+03   1.0610897e-03   1.8507029e-03   1.2160043e-03   2.5455626e-03   1.4558963e-03   3.5134027e-03   1.7604614e-03   2.6290360e-03   2.5192421e-03
   1.8306000e+03   1.0394108e-03   1.9489913e-03   1.2452956e-03   2.6227261e-03   1.5648779e-03   3.5576581e-03   1.7561664e-03   2.6834161e-03   2.6588328e-03
   1.8401000e+03   1.0426448e-03   1.9092289e-03   1.2613868e-03   2.5494494e-03   1.4999451e-03   3.4388986e-03   1.7293575e-03   2.5540224e-03   2.5707901e-03
   1.8506000e+03   1.0127358e-03   1.8148042e-03   1.2325960e-03   2.4981327e-03   1.4555204e-03   3.3385043e-03   1.8117399e-03   2.4912381e-03   2.6329599e-03
   1.8606000e+03   9.8594394e-04   1.7452518e-03   1.2025587e-03   2.4852879e-03   1.4253404e-03   3.3162868e-03   1.7537314e-03   2.4105134e-03   2.5230606e-03
   1.8701000e+03   1.0283617e-03   1.8715098e-03   1.1794774e-03   2.3574049e-03   1.4119631e-03   3.2974220e-03   1.7382180e-03   2.3488804e-03   2.4821722e-03
   1.8806000e+03   1.0616018e-03   1.7831166e-03   1.2269652e-03   2.4328699e-03   1.3494277e-03   3.2643669e-03   1.6044929e-03   2.3728086e-03   2.4601704e-03
   1.8906000e+03   1.0332920e-03   1.6937548e-03   1.1685110e-03   2.3549991e-03   1.4162822e-03   3.1459912e-03   1.6398235e-03   2.3854820e-03   2.3565623e-03
   1.9001000e+03   9.6720559e-04   1.7107252e-03   1.1893163e-03   2.3802079e-03   1.3113985e-03   3.0851338e-03   1.5776163e-03   2.2660020e-03   2.3975357e-03
   1.9106000e+03   1.0104226e-03   1.6266303e-03   1.1044338e-03   2.2278278e-03   1.3445968e-03   2.9672770e-03   1.5847598e-03   2.3400092e-03   2.2791784e-03
   1.9206000e+03   9.7663240e-04   1.7075161e-03   1.1277400e-03   2.2825203e-03   1.3408813e-03   2.9823872e-03   1.5842441e-03   2.1854934e-03   2.2451411e-03
   1.9301000e+03   1.0037199e-03   1.6723320e-03   1.1728771e-03   2.2062596e-03   1.3227937e-03   2.9398089e-03   1.5841457e-03   2.0884107e-03   2.2760069e-03
   1.9406000e+03   9.3829141e-04   1.6369676e-03   1.1859745e-03   2.1161981e-03   1.2811752e-03   2.9463802e-03   1.5466076e-03   2.1605713e-03   2.2226937e-03
   1.9501000e+03   9.5649453e-04   1.5919905e-03   1.1035850e-03   2.1307805e-03   1.2831817e-03   2.8215370e-03   1.5058491e-03   2.1291552e-03   2.1966055e-03
   1.9606000e+03   9.4015596e-04   1.5871274e-03   1.1121357e-03   2.1186267e-03   1.2570901e-03   2.8753376e-03   1.4732932e-03   2.1464711e-03   2.1939702e-03
   1.9706000e+03   9.9340197e-04   1.5644643e-03   1.1174745e-03   1.9835173e-03   1.2752356e-03   2.8076547e-03   1.4699720e-03   2.0352826e-03   2.1388133e-03
   1.9801000e+03   9.6980025e-04   1.4911715e-03   1.0626358e-03   2.0697361e-03   1.2822914e-03   2.6615629e-03   1.5185248e-03   2.0390672e-03   2.0515005e-03
   1.9901000e+03   9.9116807e-04   1.4095422e-03   1.0901460e-03   1.9542778e-03   1.2166266e-03   2.6785151e-03   1.5459047e-03   2.0066242e-03   2.0028937e-03
   2.0006000e+03   9.3345869e-04   1.5692197e-03   1.0621246e-03   1.9325118e-03   1.2286335e-03   2.6204120e-03   1.4346671e-03   1.9611042e-03   2.0510863e-03
   2.0101000e+03   9.2784815e-04   1.5252298e-03   1.0481718e-03   1.9963564e-03   1.2752616e-03   2.5861119e-03   1.4099903e-03   2.0421133e-03   2.0378765e-03
   2.0206000e+03   9.5340895e-04   1.4582049e-03   1.0572624e-03   1.9502321e-03   1.2062326e-03   2.5665428e-03   1.3722279e-03   1.9161817e-03   2.0047126e-03
   2.0306000e+03   9.2414291e-04   1.3660122e-03   1.0462157e-03   1.9239366e-03   1.1536742e-03   2.4964754e-03   1.3393625e-03   1.8826725e-03   1.9213576e-03
   2.0406000e+03   9.3694938e-04   1.4115474e-03   1.0464656e-03   1.9322357e-03   1.2030652e-03   2.4479178e-03   1.3609887e-03   1.9642590e-03   1.9428688e-03
   2.0506000e+03   9.4539328e-04   1.3818629e-03   9.7158146e-04   1.8645984e-03   1.1706116e-03   2.5332699e-03   1.3862276e-03   1.8925324e-03   1.8829301e-03
   2.0601000e+03   9.7990518e-04   1.3973393e-03   1.0253784e-03   1.8764208e-03   1.2344490e-03   2.4410130e-03   1.3128007e-03   1.7961246e-03   1.9221149e-03
   2.0701000e+03   8.6992033e-04   1.4014399e-03   1.0107730e-03   1.9170139e-03   1.1223921e-03   2.3378002e-03   1.3713204e-03   1.7832481e-03   1.8009654e-03
   2.0806000e+03   9.1098000e-04   1.4311550e-03   9.9902344e-04   1.8884418e-03   1.1733135e-03   2.3133861e-03   1.3215499e-03   1.7491894e-03   1.8812546e-03
   2.0901000e+03   9.0017937e-04   1.3992780e-03   1.0349595e-03   1.7843318e-03   1.1664800e-03   2.3981090e-03   1.2820188e-03   1.7171907e-03   1.8816705e-03
   2.1001000e+03   8.6620416e-04   1.3383968e-03   9.9393365e-04   1.7609956e-03   1.0548072e-03   2.3834314e-03   1.2319023e-03   1.6828144e-03   1.7804496e-03
   2.1106000e+03   8.7323498e-04   1.3264081e-03   1.0169099e-03   1.7489656e-03   1.1492209e-03   2.3049482e-03   1.3080476e-03   1.7340366e-03   1.8246801e-03
   2.1206000e+03   8.9779843e-04   1.3317655e-03   9.9485772e-04   1.6630736e-03   1.0573863e-03   2.2612948e-03   1.2729699e-03   1.6705397e-03   1.7237357e-03
   2.1301000e+03   9.1330504e-04   1.3444304e-03   9.7097751e-04   1.7453013e-03   1.1137405e-03   2.2624627e-03   1.2328673e-03   1.6413018e-03   1.6753380e-03
   2.1406000e+03   8.5712270e-04   1.2928347e-03   1.0001354e-03   1.6351117e-03   1.0363653e-03   2.1585381e-03   1.2432570e-03   1.6579937e-03   1.6846894e-03
   2.1501000e+03   9.2725639e-04   1.2878857e-03   9.6245272e-04   1.6254703e-03   1.0909411e-03   2.0823933e-03   1.2076652e-03   1.6276005e-03   1.7381761e-03
   2.1601000e+03   8.7760109e-04   1.2733052e-03   9.9023963e-04   1.6494199e-03   1.0627201e-03   2.0843026e-03   1.2527364e-03   1.4789929e-03   1.5828163e-03
   2.1706000e+03   9.0892195e-04   1.2921112e-03   1.0079696e-03   1.6977575e-03   1.0576589e-03   2.0553219e-03   1.2447858e-03   1.5876940e-03   1.6742602e-03
   2.1806000e+03   8.4997661e-04   1.3167093e-03   9.6263624e-04   1.6053996e-03   1.0239955e-03   2.0821912e-03   1.2070674e-03   1.6104291e-03   1.6868767e-03
   2.1901000e+03   8.7523350e-04   1.3253594e-03   9.7495009e-04   1.5630589e-03   9.8738282e-04   2.0351459e-03   1.2027136e-03   1.4988062e-03   1.6728134e-03
   2.2006000e+03   2.0367545e-03   3.2183200e-03   1.9665216e-03   3.4579382e-03   2.0667068e-03   3.7533296e-03   2.2144025e-03   2.4168385e-03   2.6409642e-03
