   1.0000000e+00   0.0000000e+00   0.0000000e+00   1.4000000e-02   1.0080000e+00   8.9870000e-05
   0.0000000e+00   0.0000000e+00   0.0000000e+00   2.4496400e+00  -1.1907500e-01  -2.1577200e+00
   0.0000000e+00   0.0000000e+00   0.0000000e+00  -3.3495300e+00  -9.3708600e-01   1.3268500e+00
   0.0000000e+00   0.0000000e+00   0.0000000e+00  -4.7137000e-02  -2.0053800e-01  -3.0562000e-01
   0.0000000e+00   0.0000000e+00   0.0000000e+00   7.0996200e-03   1.0658700e-02   1.8502500e-02
   2.0000000e+00   0.0000000e+00   0.0000000e+00   2.5000000e-02   4.0030000e+00   1.7850000e-04
   0.0000000e+00   0.0000000e+00   0.0000000e+00   6.0648800e+00   1.0476800e+00  -2.5635700e+00
   0.0000000e+00   0.0000000e+00   0.0000000e+00  -3.2905500e+00  -8.5180500e-02   2.0253600e+00
   0.0000000e+00   0.0000000e+00   0.0000000e+00  -1.0725600e-01  -4.0352700e-01  -4.4871000e-01
   0.0000000e+00   0.0000000e+00   0.0000000e+00  -1.4446500e-02   2.6939800e-02   2.7969100e-02
   3.0000000e+00   0.0000000e+00   0.0000000e+00   5.5000000e-02   6.9400000e+00   5.3400000e-01
   0.0000000e+00   0.0000000e+00   0.0000000e+00   7.7537000e+00   1.3436600e+00  -1.0874000e+00
   0.0000000e+00   0.0000000e+00   0.0000000e+00  -2.8180100e+00   1.8155700e-01   1.0336800e+00
   0.0000000e+00   0.0000000e+00   0.0000000e+00  -2.4173800e-01  -4.2398100e-01  -1.9037700e-01
   0.0000000e+00   0.0000000e+00   0.0000000e+00   2.6254200e-02   2.6619000e-02   7.7995500e-03
   4.0000000e+00   0.0000000e+00   0.0000000e+00   1.1200000e-01   9.0120000e+00   1.8480000e+00
   0.0000000e+00   0.0000000e+00   0.0000000e+00   9.0451100e+00   2.0086000e+00  -6.9007900e-01
   0.0000000e+00   0.0000000e+00   0.0000000e+00  -2.8348700e+00  -4.6192000e-02   9.4644800e-01
   0.0000000e+00   0.0000000e+00   0.0000000e+00  -2.1002100e-01  -3.3701800e-01  -1.7114200e-01
   0.0000000e+00   0.0000000e+00   0.0000000e+00   2.2952600e-02   1.8693900e-02   6.5141300e-03
   5.0000000e+00   0.0000000e+00   0.0000000e+00   1.8800000e-01   1.0811000e+01   2.3400000e+00
   0.0000000e+00   0.0000000e+00   0.0000000e+00   9.9505700e+00   2.6186200e+00  -7.9117700e-01
   0.0000000e+00   0.0000000e+00   0.0000000e+00  -2.7417300e+00  -2.0791600e-01   1.2161100e+00
   0.0000000e+00   0.0000000e+00   0.0000000e+00  -2.1513800e-01  -2.8628300e-01  -2.3908700e-01
   0.0000000e+00   0.0000000e+00   0.0000000e+00   2.2784500e-02   1.4496600e-02   1.1768600e-02
   6.0000000e+00   0.0000000e+00   0.0000000e+00   2.8400000e-01   1.2010000e+01   1.5800000e+00
   0.0000000e+00   0.0000000e+00   0.0000000e+00   1.0687900e+01   3.1086100e+00  -9.8287800e-01
   0.0000000e+00   0.0000000e+00   0.0000000e+00  -2.7140000e+00  -2.6058000e-01   1.4669300e+00
   0.0000000e+00   0.0000000e+00   0.0000000e+00  -2.0053000e-01  -2.7197400e-01  -2.9374300e-01
   0.0000000e+00   0.0000000e+00   0.0000000e+00   2.0724800e-02   1.3518100e-02   1.5600500e-02
   7.0000000e+00   0.0000000e+00   0.0000000e+00   4.0200000e-01   1.4008000e+01   1.2500000e-03
   0.0000000e+00   0.0000000e+00   0.0000000e+00   1.1276500e+01   3.4776000e+00  -1.2369300e+00
   0.0000000e+00   0.0000000e+00   0.0000000e+00  -2.6540000e+00  -2.1576200e-01   1.7451000e+00
   0.0000000e+00   0.0000000e+00   0.0000000e+00  -2.0044500e-01  -2.8887400e-01  -3.5466000e-01
   0.0000000e+00   0.0000000e+00   0.0000000e+00   2.0076500e-02   1.5131200e-02   1.9870500e-02
   8.0000000e+00   0.0000000e+00   0.0000000e+00   5.3200000e-01   1.6000000e+01   1.4290000e-03
   0.0000000e+00   0.0000000e+00   0.0000000e+00   1.1713000e+01   3.7723900e+00  -1.7367900e+00
   0.0000000e+00   0.0000000e+00   0.0000000e+00  -2.5722900e+00  -1.4853900e-01   2.1768600e+00
   0.0000000e+00   0.0000000e+00   0.0000000e+00  -2.0589300e-01  -3.0712400e-01  -4.4905000e-01
   0.0000000e+00   0.0000000e+00   0.0000000e+00   1.9924400e-02   1.6730300e-02   2.6473300e-02
   9.0000000e+00   0.0000000e+00   0.0000000e+00   6.8600000e-01   1.9000000e+01   1.1080000e+00
   0.0000000e+00   0.0000000e+00   0.0000000e+00   1.2096300e+01   4.0071600e+00  -1.8757000e+00
   0.0000000e+00   0.0000000e+00   0.0000000e+00  -2.4414800e+00  -5.6090800e-02   2.3201600e+00
   0.0000000e+00   0.0000000e+00   0.0000000e+00  -2.3446100e-01  -3.3201700e-01  -4.7541200e-01
   0.0000000e+00   0.0000000e+00   0.0000000e+00   2.1953700e-02   1.8793400e-02   2.8068000e-02
   1.0000000e+01   0.0000000e+00   0.0000000e+00   8.6700000e-01   2.0183000e+01   9.0000000e-04
   0.0000000e+00   0.0000000e+00   0.0000000e+00   1.2448500e+01   4.2015100e+00  -1.7551000e+00
   0.0000000e+00   0.0000000e+00   0.0000000e+00  -2.4581900e+00   4.1624700e-02   2.2422600e+00
   0.0000000e+00   0.0000000e+00   0.0000000e+00  -2.1259100e-01  -3.5675400e-01  -4.4764000e-01
   0.0000000e+00   0.0000000e+00   0.0000000e+00   1.9648900e-02   2.0758500e-02   2.5580100e-02
   1.1000000e+01   0.0000000e+00   0.0000000e+00   1.0720000e+00   2.2997000e+01   9.7000000e-01
   0.0000000e+00   0.0000000e+00   1.0235500e+01   1.2677700e+01   4.2637400e+00  -9.6771700e-01
   0.0000000e+00   0.0000000e+00  -2.5590500e+00  -2.2452100e+00   1.3466200e-01   1.6179400e+00
   0.0000000e+00   0.0000000e+00  -1.1952400e-01  -2.7487300e-01  -3.7008000e-01  -2.8719100e-01
   0.0000000e+00   0.0000000e+00   0.0000000e+00   2.5027000e-02   2.1446700e-02   1.3152600e-02
   1.2000000e+01   0.0000000e+00   6.3000000e-02   1.3050000e+00   2.4320000e+01   1.7400000e+00
   0.0000000e+00   0.0000000e+00   1.0597300e+01   1.2879300e+01   4.3940400e+00  -5.7161100e-01
   0.0000000e+00   0.0000000e+00  -2.8981800e+00  -2.1257400e+00   1.3785800e-01   1.3549800e+00
   0.0000000e+00   0.0000000e+00   2.3450600e-01  -2.9939200e-01  -3.5954000e-01  -2.2249100e-01
   0.0000000e+00   0.0000000e+00   0.0000000e+00   2.6764300e-02   2.0238000e-02   8.3014100e-03
   1.3000000e+01   0.0000000e+00   8.7000000e-02   1.5600000e+00   2.6970000e+01   2.7020000e+00
   0.0000000e+00   0.0000000e+00   1.0871100e+01   1.3173800e+01   4.5199500e+00  -4.3932200e-01
   0.0000000e+00   0.0000000e+00  -2.7786000e+00  -2.1820300e+00   1.4054900e-01   1.3086700e+00
   0.0000000e+00   0.0000000e+00   1.7585300e-01  -2.5896000e-01  -3.5244100e-01  -2.1164800e-01
   0.0000000e+00   0.0000000e+00   0.0000000e+00   2.2284000e-02   1.9369200e-02   7.5421000e-03
   1.4000000e+01   0.0000000e+00   1.1800000e-01   1.8390000e+00   2.8086000e+01   2.3300000e+00
   0.0000000e+00   0.0000000e+00   1.1223700e+01   1.3268200e+01   4.6467800e+00  -4.1497100e-01
   0.0000000e+00   0.0000000e+00  -2.7369400e+00  -1.9817400e+00   1.6278000e-01   1.3486800e+00
   0.0000000e+00   0.0000000e+00   1.2755700e-01  -3.1695000e-01  -3.5856300e-01  -2.2231500e-01
   0.0000000e+00   0.0000000e+00   0.0000000e+00   2.7392800e-02   1.9692600e-02   8.4195900e-03
   1.5000000e+01   0.0000000e+00   1.5300000e-01   2.1490000e+00   3.0975000e+01   1.8200000e+00
   0.0000000e+00   0.0000000e+00   1.1550800e+01   1.3373500e+01   4.7852500e+00  -4.7690300e-01
   0.0000000e+00   0.0000000e+00  -2.9220000e+00  -1.8634200e+00   1.6870800e-01   1.4603200e+00
   0.0000000e+00   0.0000000e+00   2.5426200e-01  -3.3944000e-01  -3.6038300e-01  -2.5133100e-01
   0.0000000e+00   0.0000000e+00   0.0000000e+00   2.8885800e-02   1.9715500e-02   1.0720200e-02
   1.6000000e+01   1.7000000e-02   1.9300000e-01   2.4720000e+00   3.2066000e+01   2.0000000e+00
   0.0000000e+00   0.0000000e+00   1.1818100e+01   1.3739400e+01   4.9270700e+00  -6.5641900e-01
   0.0000000e+00   0.0000000e+00  -2.6461800e+00  -2.0478600e+00   1.6574600e-01   1.6540800e+00
   0.0000000e+00   0.0000000e+00  -9.6804900e-02  -2.7325900e-01  -3.5942400e-01  -2.9862300e-01
   0.0000000e+00   0.0000000e+00   0.0000000e+00   2.2997600e-02   1.9550500e-02   1.4297900e-02
   1.7000000e+01   1.7000000e-02   2.3800000e-01   2.8220000e+00   3.5457000e+01   1.5600000e+00
   0.0000000e+00   0.0000000e+00   1.2003100e+01   1.3618800e+01   5.0722200e+00  -7.1862700e-01
   0.0000000e+00   0.0000000e+00  -2.4169400e+00  -1.7193700e+00   1.4912700e-01   1.7429400e+00
   0.0000000e+00   0.0000000e+00  -2.4089700e-01  -3.5415400e-01  -3.5285800e-01  -3.1942900e-01
   0.0000000e+00   0.0000000e+00   0.0000000e+00   2.9084100e-02   1.8943900e-02   1.5842900e-02
   1.8000000e+01   2.7000000e-02   2.8700000e-01   3.2020000e+00   3.9944000e+01   1.7840000e-03
   0.0000000e+00   0.0000000e+00   1.2296000e+01   1.3949100e+01   5.2107900e+00  -6.8210500e-01
   0.0000000e+00   0.0000000e+00  -2.6327900e+00  -1.8227600e+00   1.3561800e-01   1.7427900e+00
   0.0000000e+00   0.0000000e+00  -7.3660000e-02  -3.2882700e-01  -3.4721400e-01  -3.1764600e-01
   0.0000000e+00   0.0000000e+00   0.0000000e+00   2.7438200e-02   1.8433300e-02   1.5646700e-02
   1.9000000e+01   3.4000000e-02   3.4100000e-01   3.6070000e+00   3.9102000e+01   8.6200000e-01
   0.0000000e+00   0.0000000e+00   1.2487800e+01   1.3797600e+01   5.2558700e+00  -3.4400700e-01
   0.0000000e+00   0.0000000e+00  -2.5365600e+00  -1.5401500e+00   1.8804000e-01   1.4923600e+00
   0.0000000e+00   0.0000000e+00  -1.0489200e-01  -3.9452800e-01  -3.5962300e-01  -2.5413500e-01
   0.0000000e+00   0.0000000e+00   0.0000000e+00   3.2356100e-02   1.9308500e-02   1.0768400e-02
   2.0000000e+01   4.4000000e-02   4.0000000e-01   4.0380000e+00   4.0080000e+01   1.5500000e+00
   0.0000000e+00   0.0000000e+00   1.2704400e+01   1.4295000e+01   5.3237500e+00  -9.8242000e-02
   0.0000000e+00   0.0000000e+00  -2.5501100e+00  -1.8864400e+00   2.0668500e-01   1.3282900e+00
   0.0000000e+00   0.0000000e+00  -9.4319500e-02  -2.8364700e-01  -3.6166400e-01  -2.1374700e-01
   0.0000000e+00   0.0000000e+00   0.0000000e+00   2.2626300e-02   1.9332800e-02   7.7306500e-03
   2.1000000e+01   5.4000000e-02   4.6300000e-01   4.4930000e+00   4.4960000e+01   2.9920000e+00
   0.0000000e+00   0.0000000e+00   1.2894900e+01   1.3966400e+01   5.4394200e+00  -1.5983100e-01
   0.0000000e+00   0.0000000e+00  -2.4060900e+00  -1.4087200e+00   2.0017400e-01   1.3905500e+00
   0.0000000e+00   0.0000000e+00  -1.7779100e-01  -4.1436500e-01  -3.5906400e-01  -2.2584900e-01
   0.0000000e+00   0.0000000e+00   0.0000000e+00   3.3435500e-02   1.9102700e-02   8.5195400e-03
   2.2000000e+01   5.9000000e-02   5.3100000e-01   4.9650000e+00   4.7900000e+01   4.5400000e+00
   0.0000000e+00   0.0000000e+00   1.3107500e+01   1.4350600e+01   5.5503900e+00  -2.3057300e-01
   0.0000000e+00   0.0000000e+00  -2.5357600e+00  -1.6632200e+00   1.9769700e-01   1.4584800e+00
   0.0000000e+00   0.0000000e+00  -9.5717700e-02  -3.3153900e-01  -3.5769400e-01  -2.3916000e-01
   0.0000000e+00   0.0000000e+00   0.0000000e+00   2.6206500e-02   1.8986600e-02   9.3852800e-03
   2.3000000e+01   6.7000000e-02   6.0400000e-01   5.4650000e+00   5.0942000e+01   6.1100000e+00
   0.0000000e+00   0.0000000e+00   1.3251400e+01   1.4760100e+01   5.6551400e+00  -3.0810300e-01
   0.0000000e+00   0.0000000e+00  -2.4976500e+00  -1.8886700e+00   1.9953300e-01   1.5287900e+00
   0.0000000e+00   0.0000000e+00  -1.0638300e-01  -2.7186100e-01  -3.5748700e-01  -2.5276800e-01
   0.0000000e+00   0.0000000e+00   0.0000000e+00   2.1579200e-02   1.8969100e-02   1.0257100e-02
   2.4000000e+01   7.4000000e-02   6.8200000e-01   5.9890000e+00   5.1996000e+01   7.1900000e+00
   0.0000000e+00   0.0000000e+00   1.3423600e+01   1.4801900e+01   5.7739900e+00  -3.8764100e-01
   0.0000000e+00   0.0000000e+00  -2.5153200e+00  -1.8243000e+00   2.0385800e-01   1.5972700e+00
   0.0000000e+00   0.0000000e+00  -1.0199900e-01  -2.7911600e-01  -3.5969900e-01  -2.6624000e-01
   0.0000000e+00   0.0000000e+00   0.0000000e+00   2.1732400e-02   1.9222500e-02   1.1152300e-02
   2.5000000e+01   8.4000000e-02   7.5400000e-01   6.5400000e+00   5.4940000e+01   7.4200000e+00
   0.0000000e+00   0.0000000e+00   1.3576100e+01   1.4896500e+01   5.8460400e+00  -2.4705900e-01
   0.0000000e+00   0.0000000e+00  -2.4976100e+00  -1.7987200e+00   2.1381400e-01   1.4972200e+00
   0.0000000e+00   0.0000000e+00  -1.0594300e-01  -2.8366400e-01  -3.5971800e-01  -2.3878100e-01
   0.0000000e+00   0.0000000e+00   0.0000000e+00   2.2209500e-02   1.9145900e-02   8.9320800e-03
   2.6000000e+01   9.4000000e-02   8.4200000e-01   7.1120000e+00   5.5850000e+01   7.8600000e+00
   0.0000000e+00   0.0000000e+00   1.3669600e+01   1.4345600e+01   5.9329200e+00  -3.4237900e-01
   0.0000000e+00   0.0000000e+00  -2.3919500e+00  -1.2349100e+00   2.2503800e-01   1.5724500e+00
   0.0000000e+00   0.0000000e+00  -1.3764800e-01  -4.1878500e-01  -3.6178400e-01  -2.5319800e-01
   0.0000000e+00   0.0000000e+00   0.0000000e+00   3.2166200e-02   1.9302400e-02   9.8582200e-03
   2.7000000e+01   1.0100000e-01   9.2900000e-01   7.7090000e+00   5.8933000e+01   8.9000000e+00
   0.0000000e+00   0.0000000e+00   1.3869900e+01   1.4704700e+01   6.0147800e+00  -4.2880400e-01
   0.0000000e+00   0.0000000e+00  -2.5066900e+00  -1.3893300e+00   2.3795900e-01   1.6412900e+00
   0.0000000e+00   0.0000000e+00  -8.6994500e-02  -3.8663100e-01  -3.6405600e-01  -2.6601300e-01
   0.0000000e+00   0.0000000e+00   0.0000000e+00   3.0328600e-02   1.9475400e-02   1.0651200e-02
   2.8000000e+01   1.1300000e-01   1.0120000e+00   8.3330000e+00   5.8690000e+01   8.9000000e+00
   0.0000000e+00   0.0000000e+00   1.3984800e+01   1.4238800e+01   6.0920400e+00  -5.0436000e-01
   0.0000000e+00   0.0000000e+00  -2.4808000e+00  -9.6773600e-01   2.5227700e-01   1.7004000e+00
   0.0000000e+00   0.0000000e+00  -8.8811500e-02  -4.7807000e-01  -3.6656800e-01  -2.7644300e-01
   0.0000000e+00   0.0000000e+00   0.0000000e+00   3.6613800e-02   1.9658600e-02   1.1262300e-02
   2.9000000e+01   1.2000000e-01   1.1000000e+00   8.9790000e+00   6.3540000e+01   8.9400000e+00
   0.0000000e+00   0.0000000e+00   1.4243900e+01   1.4580800e+01   6.1773900e+00  -5.7021000e-01
   0.0000000e+00   0.0000000e+00  -2.5867700e+00  -1.1837500e+00   2.7312300e-01   1.7504200e+00
   0.0000000e+00   0.0000000e+00  -6.6739800e-02  -4.1385000e-01  -3.7236000e-01  -2.8455500e-01
   0.0000000e+00   0.0000000e+00   0.0000000e+00   3.1208800e-02   2.0163800e-02   1.1693000e-02
   3.0000000e+01   1.3900000e-01   1.1960000e+00   9.6590000e+00   6.5380000e+01   7.1400000e+00
   0.0000000e+00   1.2059700e+01   1.4322100e+01   1.4411800e+01   6.2340200e+00  -4.2053500e-01
   0.0000000e+00  -1.1025800e+00  -2.6238400e+00  -9.3308300e-01   2.8431200e-01   1.6340000e+00
   0.0000000e+00   0.0000000e+00  -2.6492600e-02  -4.7735700e-01  -3.7214300e-01  -2.5364600e-01
   0.0000000e+00   0.0000000e+00   0.0000000e+00   3.6282900e-02   2.0052500e-02   9.2723300e-03
   3.1000000e+01   1.5800000e-01   1.3020000e+00   1.0367000e+01   6.9720000e+01   5.9030000e+00
   0.0000000e+00   1.2264600e+01   1.4479500e+01   1.3618200e+01   6.2829800e+00  -3.5821800e-01
   0.0000000e+00  -2.6896500e+00  -2.5446900e+00  -3.1845900e-01   2.9133400e-01   1.6005000e+00
   0.0000000e+00   0.0000000e+00  -7.5720400e-02  -6.1134800e-01  -3.6939100e-01  -2.4490800e-01
   0.0000000e+00   0.0000000e+00   0.0000000e+00   4.5813800e-02   1.9702900e-02   8.6189800e-03
   3.2000000e+01   1.8100000e-01   1.4140000e+00   1.1104000e+01   7.2590000e+01   5.3230000e+00
   0.0000000e+00   1.2413300e+01   1.4681300e+01   1.3928800e+01   6.3389600e+00  -3.3438300e-01
   0.0000000e+00  -2.5308500e+00  -2.6928500e+00  -4.7961300e-01   2.9151200e-01   1.6023700e+00
   0.0000000e+00   0.0000000e+00  -2.0835500e-02  -5.7289700e-01  -3.6564300e-01  -2.4555500e-01
   0.0000000e+00   0.0000000e+00   0.0000000e+00   4.3127700e-02   1.9289600e-02   8.7123900e-03
   3.3000000e+01   2.0600000e-01   1.5300000e+00   1.1868000e+01   7.4920000e+01   5.7300000e+00
   0.0000000e+00   1.2539200e+01   1.4643100e+01   1.3472200e+01   6.3975000e+00  -3.3918900e-01
   0.0000000e+00  -2.4138000e+00  -2.4839700e+00  -7.7351300e-02   2.8886600e-01   1.6253500e+00
   0.0000000e+00   0.0000000e+00  -7.9618000e-02  -6.6045600e-01  -3.6174700e-01  -2.5078300e-01
   0.0000000e+00   0.0000000e+00   0.0000000e+00   4.9217700e-02   1.8878800e-02   9.0910300e-03
   3.4000000e+01   2.3200000e-01   1.6530000e+00   1.2658000e+01   7.8960000e+01   4.7900000e+00
   0.0000000e+00   1.2677300e+01   1.4704800e+01   1.3075600e+01   6.4563700e+00  -4.3292700e-01
   0.0000000e+00  -2.3975000e+00  -2.3885300e+00   1.8323500e-01   2.8673700e-01   1.7283300e+00
   0.0000000e+00   0.0000000e+00  -1.0587700e-01  -6.9426400e-01  -3.5879400e-01  -2.7713800e-01
   0.0000000e+00   0.0000000e+00   0.0000000e+00   5.0228000e-02   1.8561800e-02   1.1173500e-02
   3.5000000e+01   2.5700000e-01   1.7820000e+00   1.3474000e+01   7.9920000e+01   3.1200000e+00
   0.0000000e+00   1.2761200e+01   1.4813600e+01   1.3227300e+01   6.5144400e+00  -4.4800100e-01
   0.0000000e+00  -2.3773000e+00  -2.4234700e+00   1.3713000e-01   2.8632400e-01   1.7608200e+00
   0.0000000e+00   0.0000000e+00  -9.1459000e-02  -6.8320300e-01  -3.5702700e-01  -2.8509900e-01
   0.0000000e+00   0.0000000e+00   0.0000000e+00   4.9542400e-02   1.8355700e-02   1.1786500e-02
   3.6000000e+01   2.8800000e-01   1.9200000e+00   1.4322000e+01   8.3800000e+01   3.7400000e-03
   0.0000000e+00   1.2889800e+01   1.4919000e+01   1.3592700e+01   6.5712900e+00  -3.9181000e-01
   0.0000000e+00  -2.2602100e+00  -2.4241800e+00  -3.0521400e-02   2.8771100e-01   1.7301000e+00
   0.0000000e+00   0.0000000e+00  -8.7644700e-02  -6.5134000e-01  -3.5631100e-01  -2.7682400e-01
   0.0000000e+00   0.0000000e+00   0.0000000e+00   4.7761600e-02   1.8247000e-02   1.1128000e-02
   3.7000000e+01   3.2200000e-01   2.0650000e+00   1.5200000e+01   8.5480000e+01   1.5320000e+00
   0.0000000e+00   1.3028600e+01   1.4998500e+01   1.3020400e+01   6.5975000e+00  -1.2803900e-01
   0.0000000e+00  -2.3869300e+00  -2.3910800e+00   3.8273600e-01   3.0238900e-01   1.5304400e+00
   0.0000000e+00   0.0000000e+00  -9.5947300e-02  -7.3242700e-01  -3.5675500e-01  -2.2740300e-01
   0.0000000e+00   0.0000000e+00   0.0000000e+00   5.2987400e-02   1.8170600e-02   7.3903300e-03
   3.8000000e+01   3.5800000e-01   2.2160000e+00   1.6105000e+01   8.7620000e+01   2.5400000e+00
   0.0000000e+00   1.3156500e+01   1.5011400e+01   1.3588800e+01   6.6220300e+00   7.9916100e-02
   0.0000000e+00  -2.3665500e+00  -2.2816900e+00   2.2019400e-03   3.2455900e-01   1.3839700e+00
   0.0000000e+00   0.0000000e+00  -1.2648500e-01  -6.3894000e-01  -3.6165100e-01  -1.9222500e-01
   0.0000000e+00   0.0000000e+00   0.0000000e+00   4.6007000e-02   1.8480000e-02   4.7861100e-03
   3.9000000e+01   3.9500000e-01   2.3730000e+00   1.7080000e+01   8.8905000e+01   4.4500000e+00
   0.0000000e+00   1.3277500e+01   1.5182200e+01   1.3467400e+01   6.6709600e+00   6.2905700e-02
   0.0000000e+00  -2.4317400e+00  -2.3894600e+00   1.9102300e-01   3.2507500e-01   1.4157700e+00
   0.0000000e+00   0.0000000e+00  -8.8117400e-02  -6.8661600e-01  -3.6061300e-01  -1.9971300e-01
   0.0000000e+00   0.0000000e+00   0.0000000e+00   4.9735600e-02   1.8332600e-02   5.3331200e-03
   4.0000000e+01   4.3100000e-01   2.5320000e+00   1.7998000e+01   9.1220000e+01   6.5300000e+00
   0.0000000e+00   1.3450800e+01   1.5290600e+01   1.2753800e+01   6.7227500e+00   3.6669700e-02
   0.0000000e+00  -2.5020100e+00  -2.3870300e+00   6.9740900e-01   3.2396400e-01   1.4520700e+00
   0.0000000e+00   0.0000000e+00  -9.1229200e-02  -7.8930700e-01  -3.5946300e-01  -2.0812200e+00
   0.0000000e+00   0.0000000e+00   0.0000000e+00   5.6453100e-02   1.8189000e-02   5.9513900e-03
   4.1000000e+01   4.6800000e-01   2.6980000e+00   1.8986000e+01   9.2906000e+01   8.5700000e+00
   0.0000000e+00   1.3543400e+01   1.5208800e+01   1.3384300e+01   6.7901300e+00   2.0228900e-04
   0.0000000e+00  -2.5013500e+00  -2.2027800e+00   2.8102800e-01   3.1128200e-01   1.4934700e+00
   0.0000000e+00   0.0000000e+00  -1.3675900e-01  -6.8660700e-01  -3.5523300e-01  -2.1741900e-01
   0.0000000e+00   0.0000000e+00   0.0000000e+00   4.8660700e-02   1.7823100e-02   6.6224500e-03
   4.2000000e+01   5.0500000e-01   2.8660000e+00   1.9999000e+01   9.5950000e+01   1.0220000e+01
   0.0000000e+00   1.3656800e+01   1.5349400e+01   1.3985300e+01   6.8460000e+00  -5.6286000e-02
   0.0000000e+00  -2.4848200e+00  -2.2664600e+00  -1.1742600e-01   3.0279700e-01   1.5577800e+00
   0.0000000e+00   0.0000000e+00  -1.1688100e-01  -5.9109400e-01  -3.5113100e-01  -2.3334100e-01
   0.0000000e+00   0.0000000e+00   0.0000000e+00   4.1784300e-02   1.7440300e-02   7.8550600e-03
   4.3000000e+01   5.4400000e-01   3.0430000e+00   2.1045000e+01   9.9000000e+01   1.1500000e+01
   0.0000000e+00   1.3749800e+01   1.5508600e+01   1.2821400e+01   6.8759900e+00   7.5761600e-02
   0.0000000e+00  -2.4473700e+00  -2.3373300e+00   7.5199300e-01   3.2616500e-01   1.4495000e+00
   0.0000000e+00   0.0000000e+00  -9.8785700e-02  -7.8700600e-01  -3.5896900e-01  -2.0489000e-01
   0.0000000e+00   0.0000000e+00   0.0000000e+00   5.5866800e-02   1.8048200e-02   5.6474500e-03
   4.4000000e+01   5.8500000e-01   3.2240000e+00   2.2117000e+01   1.0107000e+02   1.2410000e+01
   0.0000000e+00   1.3878200e+01   1.5473400e+01   1.2665800e+01   6.9313600e+00  -4.2498100e-02
   0.0000000e+00  -2.4806600e+00  -2.2308000e+00   8.8502000e-01   3.3479400e-01   1.5463900e+00
   0.0000000e+00   0.0000000e+00  -1.1945400e-01  -8.1114400e-01  -3.6349700e-01  -2.2647000e-01
   0.0000000e+00   0.0000000e+00   0.0000000e+00   5.7375900e-02   1.8442900e-02   7.1837500e-03
   4.5000000e+01   6.2700000e-01   3.4120000e+00   2.3220000e+01   1.0291000e+02   1.2440000e+01
   0.0000000e+00   1.4031200e+01   1.5575700e+01   1.2176000e+01   6.9754700e+00  -1.6039900e-01
   0.0000000e+00  -2.6130300e+00  -2.2497600e+00   1.1968200e+00   3.4639400e-01   1.6486100e+00
   0.0000000e+00   0.0000000e+00  -1.1337700e-01  -8.6669700e-01  -3.6779400e-01  -2.5023800e-01
   0.0000000e+00   0.0000000e+00   0.0000000e+00   6.0693100e-02   1.8788500e-02   8.9381800e-03
   4.6000000e+01   6.7000000e-01   3.6050000e+00   2.4350000e+01   1.0640000e+02   1.2160000e+01
   0.0000000e+00   1.4139200e+01   1.5564900e+01   1.3938900e+01   7.0321600e+00  -2.6756400e-01
   0.0000000e+00  -2.5720600e+00  -2.1722900e+00   1.6452800e-01   3.4983800e-01   1.7374000e+00
   0.0000000e+00   0.0000000e+00  -1.2765200e-01  -6.6217000e-01  -3.7009900e-01  -2.6988300e-01
   0.0000000e+00   0.0000000e+00   0.0000000e+00   4.7628900e-02   1.8998300e-02   1.0324800e-02
   4.7000000e+01   7.1700000e-01   3.8060000e+00   2.5514000e+01   1.0788000e+02   1.0500000e+01
   0.0000000e+00   1.4167300e+01   1.5686900e+01   1.3392600e+01   7.0644600e+00  -1.6647500e-01
   0.0000000e+00  -2.4807800e+00  -2.2263600e+00   4.4138000e-01   3.6345600e-01   1.6579400e+00
   0.0000000e+00   0.0000000e+00  -1.1222300e-01  -6.9371100e-01  -3.7359700e-01  -2.4874000e-01
   0.0000000e+00   0.0000000e+00   0.0000000e+00   4.8208500e-02   1.9247800e-02   8.6621800e-03
   4.8000000e+01   7.7000000e-01   4.0180000e+00   2.6711000e+01   1.1241000e+02   8.6500000e+00
   0.0000000e+00   1.4349700e+01   1.5966800e+01   1.2525400e+01   7.0985600e+00  -5.1670100e-02
   0.0000000e+00  -2.5275600e+00  -2.3836300e+00   1.0771400e+00   3.7219900e-01   1.5742600e+00
   0.0000000e+00   0.0000000e+00  -8.0110400e-02  -8.3142400e-01  -3.7534500e-01  -2.2764600e-01
   0.0000000e+00   0.0000000e+00   0.0000000e+00   5.7912000e-02   1.9348100e-02   7.0565000e-03
   4.9000000e+01   8.2500000e-01   4.2380000e+00   2.7940000e+01   1.1482000e+02   7.2800000e+00
   0.0000000e+00   1.4411500e+01   1.6210100e+01   1.1819800e+01   7.1270800e+00  -8.1728300e-03
   0.0000000e+00  -2.4940100e+00  -2.5183800e+00   1.4576800e+00   3.8208200e-01   1.5586500e+00
   0.0000000e+00   0.0000000e+00  -5.4006100e-02  -8.8852900e-01  -3.7685500e-01  -2.2449200e-01
   0.0000000e+00   0.0000000e+00   0.0000000e+00   6.0598200e-02   1.9415100e-02   6.8577600e-03
   5.0000000e+01   8.8400000e-01   4.4650000e+00   2.9200000e+01   1.1869000e+02   5.7500000e+00
   0.0000000e+00   1.4557200e+01   1.5863800e+01   1.3032300e+01   7.1608500e+00   1.4215100e-02
   0.0000000e+00  -2.5679200e+00  -2.1901000e+00   7.9078800e-01   3.8551200e-01   1.5575400e+00
   0.0000000e+00   0.0000000e+00  -1.1353900e-01  -7.6234900e-01  -3.7648100e-01  -2.2473600e-01
   0.0000000e+00   0.0000000e+00   0.0000000e+00   5.2787200e-02   1.9330500e-02   6.9139500e-03
   5.1000000e+01   9.4400000e-01   4.6980000e+00   3.0491000e+01   1.2176000e+02   6.6910000e+00
   0.0000000e+00   1.4626800e+01   1.5755700e+01   9.0699900e+00   7.1966500e+00   1.5636200e-02
   0.0000000e+00  -2.5556200e+00  -2.0446000e+00   3.2879100e+00   3.8554300e-01   1.5717500e+00
   0.0000000e+00   0.0000000e+00  -1.4074500e-01  -1.2620300e+00  -3.7505400e-01  -2.2875300e-01
   0.0000000e+00   0.0000000e+00   0.0000000e+00   8.5347000e-02   1.9160800e-02   7.2638600e-03
   5.2000000e+01   1.0060000e+00   4.9390000e+00   3.1813000e+01   1.2760000e+02   6.2400000e+00
   0.0000000e+00   1.4712500e+01   1.6108700e+01   1.1665600e+01   7.2346400e+00  -4.0757900e-02
   0.0000000e+00  -2.5432400e+00  -2.2787600e+00   1.7105200e+00   3.8249300e-01   1.6426700e+00
   0.0000000e+00   0.0000000e+00  -9.2940500e-02  -9.4828100e-01  -3.7271500e-01  -2.4789700e-01
   0.0000000e+00   0.0000000e+00   0.0000000e+00   6.5321300e-02   1.8919400e-02   8.8056700e-03
   5.3000000e+01   1.0720000e+00   5.1880000e+00   3.3169000e+01   1.2691000e+02   4.9400000e+00
   0.0000000e+00   1.4749600e+01   1.6408600e+01   1.2107500e+01   7.2741500e+00  -4.0442000e-02
   0.0000000e+00  -2.4817900e+00  -2.4821400e+00   1.4363500e+00   3.7722300e-01   1.6559600e+00
   0.0000000e+00   0.0000000e+00  -5.0717900e-02  -8.8203800e-01  -3.6972800e-01  -2.5106700e-01
   0.0000000e+00   0.0000000e+00   0.0000000e+00   6.0357500e-02   1.8628000e-02   9.0487400e-03
   5.4000000e+01   1.1430000e+00   5.4520000e+00   3.4582000e+01   1.3130000e+02   5.9000000e-03
   0.0000000e+00   1.4760300e+01   1.6309800e+01   1.1085700e+01   7.3146900e+00  -2.8240700e-03
   0.0000000e+00  -2.4506800e+00  -2.3167900e+00   2.0835700e+00   3.7031500e-01   1.6403900e+00
   0.0000000e+00   0.0000000e+00  -8.5449800e-02  -1.0120900e+00  -3.6628000e-01  -2.4764200e-01
   0.0000000e+00   0.0000000e+00   0.0000000e+00   6.9031000e-02   1.8302500e-02   8.8214400e-03
   5.5000000e+01   1.2180000e+00   5.7130000e+00   3.5985000e+01   1.3291000e+02   1.8730000e+00
   0.0000000e+00   1.4971300e+01   1.6541800e+01   1.1375700e+01   7.3349000e+00   1.8486100e-01
   0.0000000e+00  -2.5314500e+00  -2.4636300e+00   1.9416100e+00   3.7682500e-01   1.5003000e+00
   0.0000000e+00   0.0000000e+00  -5.4284900e-02  -9.8323200e-01  -3.6571300e-01  -2.1333300e-01
   0.0000000e+00   0.0000000e+00   0.0000000e+00   6.7198600e-02   1.8184300e-02   6.2426400e-03
   5.6000000e+01   1.2930000e+00   5.9870000e+00   3.7441000e+01   1.3736000e+02   3.5000000e+00
   0.0000000e+00   1.5084400e+01   1.6621700e+01   1.0225000e+01   7.3581200e+00   3.4437600e-01
   0.0000000e+00  -2.5634100e+00  -2.4897200e+00   2.6783500e+00   3.7936100e-01   1.3874200e+00
   0.0000000e+00   0.0000000e+00  -4.4962300e-02  -1.1264800e+00  -3.6409900e-01  -1.8635600e-01
   0.0000000e+00   0.0000000e+00   0.0000000e+00   7.6266900e-02   1.7981700e-02   4.2491700e-03
   5.7000000e+01   1.3630000e+00   6.2670000e+00   3.8925000e+01   1.3892000e+02   6.1500000e+00
   0.0000000e+00   1.5186300e+01   1.6313400e+01   1.0978000e+01   7.3953200e+00   4.0910400e-01
   0.0000000e+00  -2.5828700e+00  -2.2015600e+00   2.2381400e+00   3.6989500e-01   1.3307500e+00
   0.0000000e+00   0.0000000e+00  -9.8056900e-02  -1.0354900e+00  -3.5937600e-01  -1.7088300e-01
   0.0000000e+00   0.0000000e+00   0.0000000e+00   7.0233900e-02   1.7540600e-02   3.0411100e-03
   5.8000000e+01   1.4340000e+00   6.5490000e+00   4.0444000e+01   1.4013000e+02   6.6700000e+00
   0.0000000e+00   1.5269300e+01   1.6586200e+01   1.0272500e+01   7.4425500e+00   4.3988100e-01
   0.0000000e+00  -2.5817400e+00  -2.3628800e+00   2.7456200e+00   3.7132800e-01   1.3092500e+00
   0.0000000e+00   0.0000000e+00  -6.5470800e-02  -1.1417400e+00  -3.5964200e-01  -1.6454800e-01
   0.0000000e+00   0.0000000e+00   0.0000000e+00   7.7416200e-02   1.7585200e-02   2.5264100e-03
   5.9000000e+01   1.5080000e+00   6.8350000e+00   4.1991000e+01   1.4092000e+02   6.7690000e+00
   0.0000000e+00   1.5337900e+01   1.6717900e+01   1.1015600e+01   7.4834700e+00   4.4912400e-01
   0.0000000e+00  -2.5708600e+00  -2.4032600e+00   2.2205600e+00   3.6843100e-01   1.3035100e+00
   0.0000000e+00   0.0000000e+00  -6.1261900e-02  -1.0221600e+00  -3.5768900e-01  -1.6184100e-01
   0.0000000e+00   0.0000000e+00   0.0000000e+00   6.9046500e-02   1.7409900e-02   2.2739400e-03
   6.0000000e+01   1.5750000e+00   7.1260000e+00   4.3569000e+01   1.4427000e+02   6.9600000e+00
   0.0000000e+00   1.5435300e+01   1.6596400e+01   1.1763200e+01   7.5233400e+00   4.3728300e-01
   0.0000000e+00  -2.5900600e+00  -2.2607300e+00   1.7948100e+00   3.6646200e-01   1.3137000e+00
   0.0000000e+00   0.0000000e+00  -8.7242600e-02  -9.3666100e-01  -3.5604800e-01  -1.6286600e-01
   0.0000000e+00   0.0000000e+00   0.0000000e+00   6.3533200e-02   1.7262000e-02   2.2937700e-03
   6.1000000e+01   1.6510000e+00   7.4280000e+00   4.5184000e+01   1.4700000e+02   6.7820000e+00
   1.5513100e+01   1.5513100e+01   1.6836800e+01   1.1386400e+01   7.5622200e+00   4.0582300e-01
  -2.5962300e+00  -2.5962300e+00  -2.3888100e+00   2.0559300e+00   3.6505500e-01   1.3383700e+00
   0.0000000e+00   0.0000000e+00  -6.4504100e-02  -9.8818000e-01  -3.5451100e-01  -1.6722900e-01
   0.0000000e+00   0.0000000e+00   0.0000000e+00   6.6910600e-02   1.7121400e-02   2.5557000e-03
   6.2000000e+01   1.7290000e+00   7.7370000e+00   4.6835000e+01   1.5035000e+02   7.5360000e+00
   1.5600600e+01   1.5600600e+01   1.6872500e+01   1.1922300e+01   7.6002000e+00   3.5538300e-01
  -2.6132800e+00  -2.6132800e+00  -2.3905100e+00   1.7954600e+00   3.6413400e-01   1.3773300e+00
   0.0000000e+00   0.0000000e+00  -6.0108000e-02  -9.4290200e-01  -3.5308600e-01  -1.7494100e-01
   0.0000000e+00   0.0000000e+00   0.0000000e+00   6.4420200e-02   1.6989400e-02   3.0621300e-03
   6.3000000e+01   1.8000000e+00   8.0520000e+00   4.8520000e+01   1.5200000e+02   5.2590000e+00
   1.5706300e+01   1.5706300e+01   1.7069200e+01   1.1616800e+01   7.6371100e+00   2.8031600e-01
  -2.6348100e+00  -2.6348100e+00  -2.4804600e+00   1.9753300e+00   3.6395700e-01   1.4401600e+00
   0.0000000e+00   0.0000000e+00  -4.4705500e-02  -9.7090100e-01  -3.5190900e-01  -1.8864100e-01
   0.0000000e+00   0.0000000e+00   0.0000000e+00   6.5845900e-02   1.6878300e-02   4.0122600e-03
   6.4000000e+01   1.8820000e+00   8.3760000e+00   5.0240000e+01   1.5726000e+02   7.9500000e+00
   1.5715900e+01   1.5715900e+01   1.7115900e+01   9.9196800e+00   7.6693800e+00   2.7313300e-01
  -2.6084300e+00  -2.6084300e+00  -2.4783800e+00   3.0311100e+00   3.5975200e-01   1.4384200e+00
   0.0000000e+00   0.0000000e+00  -4.3710700e-02  -1.1752000e+00  -3.4889900e-01  -1.8613700e-01
   0.0000000e+00   0.0000000e+00   0.0000000e+00   7.8675100e-02   1.6589000e-02   3.7524000e-03
   6.5000000e+01   1.9670000e+00   8.7080000e+00   5.1996000e+01   1.5893000e+02   8.2720000e+00
   1.5841500e+01   1.5841500e+01   1.7149900e+01   1.1381800e+01   7.7079800e+00   2.5753900e-01
  -2.6404000e+00  -2.6404000e+00  -2.4550700e+00   2.1444700e+00   3.6534500e-01   1.4506400e+00
   0.0000000e+00   0.0000000e+00  -4.7137000e-02  -9.9922200e-01  -3.5003100e-01  -1.8759100e-01
   0.0000000e+00   0.0000000e+00   0.0000000e+00   6.7556900e-02   1.6692700e-02   3.7993200e-03
   6.6000000e+01   2.0460000e+00   9.0470000e+00   5.3789000e+01   1.6251000e+02   8.5360000e+00
   1.5922500e+01   1.5922500e+01   1.7344600e+01   1.1484500e+01   7.7418800e+00   2.4268500e-01
  -2.6528900e+00  -2.6528900e+00  -2.5482100e+00   2.1045100e+00   3.6710700e-01   1.4626600e+00
   0.0000000e+00   0.0000000e+00  -3.1760600e-02  -9.8987000e-01  -3.4943300e-01  -1.8910200e-01
   0.0000000e+00   0.0000000e+00   0.0000000e+00   6.6939200e-02   1.6627300e-02   3.8562800e-03
   6.7000000e+01   2.1270000e+00   9.3950000e+00   5.5618000e+01   1.6494000e+02   8.8030000e+00
   1.6014000e+01   1.6014000e+01   1.7658300e+01   8.7520300e+00   7.7747000e+00   2.2849300e-01
  -2.6790300e+00  -2.6790300e+00  -2.7252300e+00   3.7182200e+00   3.6972200e-01   1.4743800e+00
   0.0000000e+00   0.0000000e+00  -8.1940900e-04  -1.2927300e+00  -3.4913200e-01  -1.9055900e-01
   0.0000000e+00   0.0000000e+00   0.0000000e+00   8.5502600e-02   1.6586200e-02   3.9090300e-03
   6.8000000e+01   2.2120000e+00   9.7520000e+00   5.7486000e+01   1.6727000e+02   9.0510000e+00
   1.6067200e+01   1.6067200e+01   1.7798800e+01   1.2019500e+01   7.8064300e+00   2.1523300e-01
  -2.6758700e+00  -2.6758700e+00  -2.7467100e+00   1.8481500e+00   3.7322600e-01   1.4854500e+00
   0.0000000e+00   0.0000000e+00  -2.8758000e-03  -9.3958200e-01  -3.4914700e-01  -1.9190800e-01
   0.0000000e+00   0.0000000e+00   0.0000000e+00   6.3810600e-02   1.6571000e-02   3.9564500e-03
   6.9000000e+01   2.3070000e+00   1.0116000e+01   5.9390000e+01   1.6894000e+02   9.3320000e+00
   1.6126900e+01   1.6126900e+01   1.7425000e+01   1.2561300e+01   7.8371100e+00   2.0265600e-01
  -2.6788600e+00  -2.6788600e+00  -2.5110300e+00   1.5752300e+00   3.7754700e-01   1.4962500e+00
   0.0000000e+00   0.0000000e+00  -3.2945400e-02  -8.9046700e-01  -3.4944100e-01  -1.9323400e-01
   0.0000000e+00   0.0000000e+00   0.0000000e+00   6.0977900e-02   1.6578000e-02   4.0023300e-03
   7.0000000e+01   2.3980000e+00   1.0488000e+01   6.1332000e+01   1.7304000e+02   6.9770000e+00
   1.3911100e+01   1.6179400e+01   1.6979500e+01   7.4279100e+00   7.8666200e+00   2.0224800e-01
  -2.4038000e+00  -2.6771500e+00  -2.2257700e+00   4.2895500e+00   3.8293300e-01   1.4880400e+00
   0.0000000e+00   0.0000000e+00  -7.3255700e-02  -1.3516700e+00  -3.5012600e-01  -1.8914300e-01
   0.0000000e+00   0.0000000e+00   0.0000000e+00   8.6613600e-02   1.6617300e-02   3.6226400e-03
   7.1000000e+01   2.4920000e+00   1.0870000e+01   6.3314000e+01   1.7499000e+02   9.8420000e+00
   1.3981300e+01   1.6228900e+01   1.7263800e+01   1.2638700e+01   7.8913700e+00   1.9717600e-01
  -2.4084100e+00  -2.6712800e+00  -2.3718900e+00   1.5547600e+00   3.8603400e-01   1.5026400e+00
   0.0000000e+00   0.0000000e+00  -4.9599400e-02  -8.8109400e-01  -3.4975600e-01  -1.9247400e-01
   0.0000000e+00   0.0000000e+00   0.0000000e+00   6.0203600e-02   1.6548000e-02   3.8575100e-03
   7.2000000e+01   2.6020000e+00   1.1272000e+01   6.5351000e+01   1.7850000e+02   1.3300000e+01
   1.4054800e+01   1.6275800e+01   1.6432900e+01   7.5816000e+00   7.9180300e+00   1.9946900e-01
  -2.4282900e+00  -2.6662200e+00  -1.8285100e+00   4.4703700e+00   3.8702100e-01   1.5023300e+00
   0.0000000e+00   0.0000000e+00  -1.3226800e-01  -1.4280800e+00  -3.4888100e-01  -1.9138500e-01
   0.0000000e+00   0.0000000e+00   0.0000000e+00   9.3904400e-02   1.6440600e-02   3.7401100e-03
   7.3000000e+01   2.7030000e+00   1.1680000e+01   6.7414000e+01   1.8095000e+02   1.6600000e+01
   1.4131300e+01   1.6303800e+01   1.7241000e+01   8.6527100e+00   7.9453400e+00   1.9687100e-01
  -2.4721400e+00  -2.6614800e+00  -2.3031300e+00   3.7311700e+00   3.8729900e-01   1.5062300e+00
   0.0000000e+00   0.0000000e+00  -5.9100600e-02  -1.2635900e+00  -3.4792600e-01  -1.9139600e-01
   0.0000000e+00   0.0000000e+00   0.0000000e+00   8.2353900e-02   1.6329900e-02   3.7088900e-03
   7.4000000e+01   2.8180000e+00   1.2098000e+01   6.9524000e+01   1.8392000e+02   1.9300000e+01
   1.4153600e+01   1.6261300e+01   1.7253300e+01   7.5754100e+00   7.9726600e+00   1.9101500e-01
  -2.3258200e+00  -2.6067200e+00  -2.2387400e+00   4.2887400e+00   3.8770400e-01   1.5124000e+00
   0.0000000e+00   0.0000000e+00  -7.2733800e-02  -1.3499800e+00  -3.4715500e-01  -1.9192200e-01
   0.0000000e+00   0.0000000e+00   0.0000000e+00   8.6520000e-02   1.6237200e-02   3.7145000e-03
   7.5000000e+01   2.9310000e+00   1.2525000e+01   7.1676000e+01   1.8620000e+02   2.1020000e+01
   1.4239200e+01   1.6356400e+01   1.7875000e+01   1.3694400e+00   7.9994000e+00   1.8964400e-01
  -2.3532600e+00  -2.6245300e+00  -2.6105100e+00   7.7944400e+00   3.8873900e-01   1.5086700e+00
   0.0000000e+00   0.0000000e+00  -1.3609300e-02  -1.9982200e+00  -3.4672600e-01  -1.8957000e-01
   0.0000000e+00   0.0000000e+00   0.0000000e+00   1.2622500e-01   1.6175100e-02   3.4958400e-03
   7.6000000e+01   3.0500000e+00   1.2964000e+01   7.3872000e+01   1.9020000e+02   2.2500000e+01
   1.4279500e+01   1.6423300e+01   1.7352500e+01   1.3753400e+01   8.0257400e+00   1.1644800e-01
  -2.2197100e+00  -2.6316300e+00  -2.2855000e+00   1.0212200e+00   3.9045800e-01   1.5761500e+00
   0.0000000e+00   0.0000000e+00  -5.8804700e-02  -7.7712600e-01  -3.4665800e-01  -2.0553200e-01
   0.0000000e+00   0.0000000e+00   0.0000000e+00   5.3881100e-02   1.6145500e-02   4.6673100e-03
   7.7000000e+01   3.1720000e+00   1.3424000e+01   7.6112000e+01   1.9220000e+02   2.2420000e+01
   1.4342200e+01   1.6514400e+01   1.6527000e+01   1.2550600e+01   8.0515000e+00   7.1990800e-02
  -2.4018300e+00  -2.6483200e+00  -1.7631500e+00   1.6309000e+00   3.9314300e-01   1.6120400e+00
   0.0000000e+00   0.0000000e+00  -1.3523200e-01  -8.7567600e-01  -3.4705200e-01  -2.1318600e-01
   0.0000000e+00   0.0000000e+00   0.0000000e+00   5.9201100e-02   1.6157300e-02   5.2049700e-03
   7.8000000e+01   3.2970000e+00   1.3892000e+01   7.8395000e+01   1.9509000e+02   2.1370000e+01
   1.4378500e+01   1.6702400e+01   1.7363600e+01   1.2788200e+01   8.0808400e+00   4.2018600e-02
  -2.3483400e+00  -2.7163100e+00  -2.2111200e+00   1.6360500e+00   3.9579000e-01   1.6361100e+00
   0.0000000e+00   0.0000000e+00  -7.3093400e-02  -8.9852300e-01  -3.4803200e-01  -2.1796400e-01
   0.0000000e+00   0.0000000e+00   0.0000000e+00   6.1855000e-02   1.6234500e-02   5.5267000e-03
   7.9000000e+01   3.4250000e+00   1.4353000e+01   8.0723000e+01   1.9720000e+02   1.9370000e+01
   1.4439800e+01   1.6473400e+01   1.7424000e+01   4.9635200e+00   8.1052400e+00   1.5691600e-02
  -2.3283800e+00  -2.5783400e+00  -2.2391100e+00   5.7921200e+00   4.0057600e-01   1.6540600e+00
   0.0000000e+00   0.0000000e+00  -6.6372000e-02  -1.6184200e+00  -3.4934000e-01  -2.2098200e-01
   0.0000000e+00   0.0000000e+00   0.0000000e+00   1.0291100e-01   1.6326400e-02   5.7075100e-03
   8.0000000e+01   3.5620000e+00   1.4846000e+01   8.3103000e+01   2.0061000e+02   1.3546000e+01
   1.4519500e+01   1.6590300e+01   1.7185700e+01   1.9759400e+01   8.1254200e+00   1.1458700e-01
  -2.3301600e+00  -2.6067000e+00  -2.0847000e+00  -1.9799000e+00   4.0585800e-01   1.5807600e+00
   0.0000000e+00   0.0000000e+00  -8.5329400e-02  -2.7698100e-01  -3.5032900e-01  -2.0296800e-01
   0.0000000e+00   0.0000000e+00   0.0000000e+00   2.6885600e-02   1.6377200e-02   4.3569200e-03
   8.1000000e+01   3.7000000e+00   1.5344000e+01   8.5528000e+01   2.0439000e+02   1.1860000e+01
   1.4547300e+01   1.6656400e+01   1.7737900e+01   1.5287900e+01   8.1439900e+00   1.4705200e-01
  -2.2677300e+00  -2.6159300e+00  -2.3774500e+00   2.7366400e-01   4.0869200e-01   1.5669500e+00
   0.0000000e+00   0.0000000e+00  -4.3322300e-02  -6.3889000e-01  -3.4980200e-01  -2.0034700e-01
   0.0000000e+00   0.0000000e+00   0.0000000e+00   4.5749500e-02   1.6288800e-02   4.2090100e-03
   8.2000000e+01   3.8500000e+00   1.5860000e+01   8.8006000e+01   2.0721000e+02   1.1340000e+01
   1.4577100e+01   1.6713100e+01   1.7796300e+01   8.6337400e+00   8.1599600e+00   1.8216700e-01
  -2.2527900e+00  -2.6153800e+00  -2.3769100e+00   3.6940000e+00   4.1803100e-01   1.5466100e+00
   0.0000000e+00   0.0000000e+00  -4.5588300e-02  -1.2131200e+00  -3.5233000e-01  -1.9579300e-01
   0.0000000e+00   0.0000000e+00   0.0000000e+00   7.7460100e-02   1.6466000e-02   3.9077200e-03
   8.3000000e+01   3.9990000e+00   1.6385000e+01   9.0527000e+01   2.0900000e+02   9.8000000e+00
   1.4683200e+01   1.6707800e+01   1.7534800e+01   9.4429300e+00   8.1748900e+00   1.8986000e-01
  -2.3094000e+00  -2.5864800e+00  -2.2335300e+00   3.4496500e+00   4.2791600e-01   1.5612500e+00
   0.0000000e+00   0.0000000e+00  -5.9616100e-02  -1.1988600e+00  -3.5506800e-01  -2.0093200e-01
   0.0000000e+00   0.0000000e+00   0.0000000e+00   7.8348400e-02   1.6660100e-02   4.3676800e-03
   8.6000000e+01   4.4780000e+00   1.8055000e+01   9.8417000e+01   2.2200000e+02   9.7300000e-03
   1.4724300e+01   1.6900000e+01   1.7502800e+01   1.5178200e+01   8.2255300e+00   1.9661900e-01
  -2.1290500e+00  -2.6094500e+00  -2.1387600e+00   3.4902100e-01   4.5147800e-01   1.6008000e+00
   0.0000000e+00   0.0000000e+00  -7.2463800e-02  -6.3763800e-01  -3.6205600e-01  -2.1380000e-01
   0.0000000e+00   0.0000000e+00   0.0000000e+00   4.5137700e-02   1.7155600e-02   5.5171700e-03
   9.0000000e+01   5.1820000e+00   2.0470000e+01   1.0964900e+02   2.3200000e+02   1.1700000e+01
   1.4773000e+01   1.7048300e+01   1.8548100e+01   1.3433600e+01   8.2784300e+00   1.7089000e-01
  -1.9119200e+00  -2.5856900e+00  -2.6128100e+00   1.3480500e+00   4.7905600e-01   1.6556100e+00
   0.0000000e+00   0.0000000e+00  -7.9057400e-03  -8.1328200e-01  -3.6765700e-01  -2.2970200e-01
   0.0000000e+00   0.0000000e+00   0.0000000e+00   5.5566400e-02   1.7462100e-02   6.9251600e-03
   9.2000000e+01   5.5490000e+00   2.1756000e+01   1.1560300e+02   2.3807000e+02   1.9050000e+01
   1.4903600e+01   1.7035300e+01   1.7525800e+01   1.3795100e+01   8.3301000e+00   1.0827700e-01
  -2.1214800e+00  -2.5690300e+00  -2.0723700e+00   1.2398300e+00   4.7831400e-01   1.7415800e+00
   0.0000000e+00   0.0000000e+00  -7.2393200e-02  -8.0154500e-01  -3.6725000e-01  -2.5410400e-01
   0.0000000e+00   0.0000000e+00   0.0000000e+00   5.5359600e-02   1.7412900e-02   8.9505600e-03
   9.4000000e+01   5.9140000e+00   2.3095000e+01   1.2176000e+02   2.3910000e+02   1.9700000e+01
   1.4853500e+01   1.7295300e+01   1.7551900e+01   1.8278700e+01   8.3817400e+00   3.8879100e-02
  -1.8773300e+00  -2.6216400e+00  -2.0216200e+00  -1.1737100e+00   4.7708500e-01   1.8222900e+00
   0.0000000e+00   0.0000000e+00  -8.2294000e-02  -3.6834400e-01  -3.6655600e-01  -2.7600900e-01
   0.0000000e+00   0.0000000e+00   0.0000000e+00   2.9873800e-02   1.7342200e-02   1.0739200e-02
